          -1.000000000000          -1168.426800310000          -1168.219098900000
          -0.998044965787          -1168.438084987049          -1168.230404460688
          -0.996089931574          -1168.449459794421          -1168.241800159553
          -0.994134897361          -1168.460918213295          -1168.253279477205
          -0.992179863148          -1168.472453724849          -1168.264835894254
          -0.990224828935          -1168.484059810262          -1168.276462891311
          -0.988269794721          -1168.495729950713          -1168.288153948988
          -0.986314760508          -1168.507457627380          -1168.299902547894
          -0.984359726295          -1168.519236321442          -1168.311702168639
          -0.982404692082          -1168.531059514077          -1168.323546291836
          -0.980449657869          -1168.542920686464          -1168.335428398093
          -0.978494623656          -1168.554813319781          -1168.347341968022
          -0.976539589443          -1168.566730895208          -1168.359280482234
          -0.974584555230          -1168.578666893922          -1168.371237421339
          -0.972629521017          -1168.590614797103          -1168.383206265947
          -0.970674486804          -1168.602568085929          -1168.395180496669
          -0.968719452590          -1168.614520241578          -1168.407153594116
          -0.966764418377          -1168.626464745229          -1168.419119038899
          -0.964809384164          -1168.638395078061          -1168.431070311627
          -0.962854349951          -1168.650304721252          -1168.443000892912
          -0.960899315738          -1168.662187155981          -1168.454904263364
          -0.958944281525          -1168.674035863427          -1168.466773903594
          -0.956989247312          -1168.685844324767          -1168.478603294212
          -0.955034213099          -1168.697606021181          -1168.490385915829
          -0.953079178886          -1168.709314433848          -1168.502115249056
          -0.951124144673          -1168.720963043945          -1168.513784774503
          -0.949169110459          -1168.732545332652          -1168.525387972780
          -0.947214076246          -1168.744054781146          -1168.536918324499
          -0.945259042033          -1168.755484870607          -1168.548369310270
          -0.943304007820          -1168.766829082214          -1168.559734410703
          -0.941348973607          -1168.778080897144          -1168.571007106410
          -0.939393939394          -1168.789233796577          -1168.582180878000
          -0.937438905181          -1168.800281261690          -1168.593249206084
          -0.935483870968          -1168.811216773663          -1168.604205571273
          -0.933528836755          -1168.822033813675          -1168.615043454178
          -0.931573802542          -1168.832725862903          -1168.625756335409
          -0.929618768328          -1168.843286402526          -1168.636337695576
          -0.927663734115          -1168.853708913723          -1168.646781015291
          -0.925708699902          -1168.863986877673          -1168.657079775163
          -0.923753665689          -1168.874113775554          -1168.667227455804
          -0.921798631476          -1168.884083088545          -1168.677217537825
          -0.919843597263          -1168.893888297824          -1168.687043501834
          -0.917888563050          -1168.903522884570          -1168.696698828444
          -0.915933528837          -1168.912980329962          -1168.706176998265
          -0.913978494624          -1168.922254115177          -1168.715471491907
          -0.912023460411          -1168.931337957873          -1168.724576026497
          -0.910068426197          -1168.940230502694          -1168.733489246916
          -0.908113391984          -1168.948935052572          -1168.742214457065
          -0.906158357771          -1168.957455093121          -1168.750755143553
          -0.904203323558          -1168.965794109959          -1168.759114792994
          -0.902248289345          -1168.973955588702          -1168.767296891997
          -0.900293255132          -1168.981943014965          -1168.775304927177
          -0.898338220919          -1168.989759874365          -1168.783142385142
          -0.896383186706          -1168.997409652517          -1168.790812752506
          -0.894428152493          -1169.004895835037          -1168.798319515880
          -0.892473118280          -1169.012221907542          -1168.805666161875
          -0.890518084066          -1169.019391355647          -1168.812856177103
          -0.888563049853          -1169.026407664968          -1168.819893048175
          -0.886608015640          -1169.033274321122          -1168.826780261704
          -0.884652981427          -1169.039994809725          -1168.833521304300
          -0.882697947214          -1169.046572616392          -1168.840119662575
          -0.880742913001          -1169.053011226739          -1168.846578823142
          -0.878787878788          -1169.059314126383          -1168.852902272611
          -0.876832844575          -1169.065484800939          -1168.859093497594
          -0.874877810362          -1169.071526736024          -1168.865155984703
          -0.872922776149          -1169.077443417254          -1168.871093220548
          -0.870967741935          -1169.083238330244          -1168.876908691743
          -0.869012707722          -1169.088914960610          -1168.882605884898
          -0.867057673509          -1169.094476793970          -1168.888188286625
          -0.865102639296          -1169.099927315937          -1168.893659383536
          -0.863147605083          -1169.105270012129          -1168.899022662242
          -0.861192570870          -1169.110508368162          -1168.904281609354
          -0.859237536657          -1169.115645869651          -1168.909439711485
          -0.857282502444          -1169.120686002213          -1168.914500455246
          -0.855327468231          -1169.125632251463          -1168.919467327248
          -0.853372434018          -1169.130488103018          -1168.924343814103
          -0.851417399804          -1169.135257042494          -1168.929133402423
          -0.849462365591          -1169.139942555506          -1168.933839578819
          -0.847507331378          -1169.144548127671          -1168.938465829903
          -0.845552297165          -1169.149077244605          -1168.943015642287
          -0.843597262952          -1169.153533391923          -1168.947492502581
          -0.841642228739          -1169.157920055241          -1168.951899897398
          -0.839687194526          -1169.162240720177          -1168.956241313349
          -0.837732160313          -1169.166498872345          -1168.960520237046
          -0.835777126100          -1169.170697997362          -1168.964740155100
          -0.833822091887          -1169.174841580843          -1168.968904554123
          -0.831867057674          -1169.178933108405          -1168.973016920726
          -0.829912023460          -1169.182976065664          -1168.977080741522
          -0.827956989247          -1169.186973938235          -1168.981099503121
          -0.826001955034          -1169.190930211688          -1168.985076692088
          -0.824046920821          -1169.194847706931          -1168.989015130268
          -0.822091886608          -1169.198726910889          -1168.992915305313
          -0.820136852395          -1169.202567798452          -1168.996777192795
          -0.818181818182          -1169.206370344508          -1169.000600768283
          -0.816226783969          -1169.210134523946          -1169.004386007349
          -0.814271749756          -1169.213860311656          -1169.008132885563
          -0.812316715543          -1169.217547682527          -1169.011841378496
          -0.810361681329          -1169.221196611447          -1169.015511461719
          -0.808406647116          -1169.224807073306          -1169.019143110802
          -0.806451612903          -1169.228379042992          -1169.022736301316
          -0.804496578690          -1169.231912495395          -1169.026291008832
          -0.802541544477          -1169.235407405404          -1169.029807208920
          -0.800586510264          -1169.238863747907          -1169.033284877151
          -0.798631476051          -1169.242281497794          -1169.036723989096
          -0.796676441838          -1169.245660629954          -1169.040124520325
          -0.794721407625          -1169.249001119276          -1169.043486446410
          -0.792766373412          -1169.252302940648          -1169.046809742920
          -0.790811339198          -1169.255566068961          -1169.050094385427
          -0.788856304985          -1169.258790479102          -1169.053340349501
          -0.786901270772          -1169.261976145961          -1169.056547610712
          -0.784946236559          -1169.265123044427          -1169.059716144633
          -0.782991202346          -1169.268231149389          -1169.062845926832
          -0.781036168133          -1169.271300435736          -1169.065936932881
          -0.779081133920          -1169.274330878357          -1169.068989138351
          -0.777126099707          -1169.277322452141          -1169.072002518812
          -0.775171065494          -1169.280275131977          -1169.074977049836
          -0.773216031281          -1169.283188892754          -1169.077912706992
          -0.771260997067          -1169.286063709362          -1169.080809465851
          -0.769305962854          -1169.288899556688          -1169.083667301984
          -0.767350928641          -1169.291696409623          -1169.086486190962
          -0.765395894428          -1169.294454243055          -1169.089266108356
          -0.763440860215          -1169.297173031873          -1169.092007029735
          -0.761485826002          -1169.299852750967          -1169.094708930671
          -0.759530791789          -1169.302493375225          -1169.097371786735
          -0.757575757576          -1169.305094879536          -1169.099995573497
          -0.755620723363          -1169.307657238790          -1169.102580266528
          -0.753665689150          -1169.310180427875          -1169.105125841399
          -0.751710654936          -1169.312664421680          -1169.107632273679
          -0.749755620723          -1169.315109195095          -1169.110099538941
          -0.747800586510          -1169.317514723009          -1169.112527612754
          -0.745845552297          -1169.319880980310          -1169.114916470689
          -0.743890518084          -1169.322207941887          -1169.117266088318
          -0.741935483871          -1169.324495582631          -1169.119576441210
          -0.739980449658          -1169.326743877428          -1169.121847504936
          -0.738025415445          -1169.328952817095          -1169.124079270988
          -0.736070381232          -1169.331122667190          -1169.126272005527
          -0.734115347019          -1169.333253925124          -1169.128426206498
          -0.732160312805          -1169.335347095573          -1169.130542379112
          -0.730205278592          -1169.337402683215          -1169.132621028583
          -0.728250244379          -1169.339421192727          -1169.134662660120
          -0.726295210166          -1169.341403128787          -1169.136667778936
          -0.724340175953          -1169.343348996073          -1169.138636890244
          -0.722385141740          -1169.345259299261          -1169.140570499253
          -0.720430107527          -1169.347134543030          -1169.142469111177
          -0.718475073314          -1169.348975232056          -1169.144333231228
          -0.716520039101          -1169.350781871017          -1169.146163364616
          -0.714565004888          -1169.352554964592          -1169.147960016553
          -0.712609970674          -1169.354295017456          -1169.149723692253
          -0.710654936461          -1169.356002534289          -1169.151454896925
          -0.708699902248          -1169.357678019766          -1169.153154135782
          -0.706744868035          -1169.359321978566          -1169.154821914035
          -0.704789833822          -1169.360934915367          -1169.156458736897
          -0.702834799609          -1169.362517334844          -1169.158065109579
          -0.700879765396          -1169.364069741677          -1169.159641537293
          -0.698924731183          -1169.365592640543          -1169.161188525251
          -0.696969696970          -1169.367086536118          -1169.162706578664
          -0.695014662757          -1169.368551933081          -1169.164196202744
          -0.693059628543          -1169.369989336109          -1169.165657902703
          -0.691104594330          -1169.371399249879          -1169.167092183753
          -0.689149560117          -1169.372782179069          -1169.168499551105
          -0.687194525904          -1169.374138628357          -1169.169880509971
          -0.685239491691          -1169.375469102419          -1169.171235565563
          -0.683284457478          -1169.376774105934          -1169.172565223093
          -0.681329423265          -1169.378054143578          -1169.173869987772
          -0.679374389052          -1169.379309720030          -1169.175150364812
          -0.677419354839          -1169.380541339967          -1169.176406859426
          -0.675464320626          -1169.381749508066          -1169.177639976824
          -0.673509286413          -1169.382934729004          -1169.178850222218
          -0.671554252199          -1169.384097507460          -1169.180038100821
          -0.669599217986          -1169.385238348111          -1169.181204117844
          -0.667644183773          -1169.386357755633          -1169.182348778498
          -0.665689149560          -1169.387456234706          -1169.183472587996
          -0.663734115347          -1169.388534290005          -1169.184576051549
          -0.661779081134          -1169.389592426209          -1169.185659674369
          -0.659824046921          -1169.390631147995          -1169.186723961668
          -0.657869012708          -1169.391650960040          -1169.187769418658
          -0.655913978495          -1169.392652367022          -1169.188796550549
          -0.653958944282          -1169.393635873619          -1169.189805862555
          -0.652003910068          -1169.394601984469          -1169.190797859847
          -0.650048875855          -1169.395551128104          -1169.191772971573
          -0.648093841642          -1169.396483498126          -1169.192731392193
          -0.646138807429          -1169.397399242947          -1169.193673271028
          -0.644183773216          -1169.398298510980          -1169.194598757397
          -0.642228739003          -1169.399181450639          -1169.195508000622
          -0.640273704790          -1169.400048210336          -1169.196401150022
          -0.638318670577          -1169.400898938484          -1169.197278354917
          -0.636363636364          -1169.401733783495          -1169.198139764629
          -0.634408602151          -1169.402552893782          -1169.198985528475
          -0.632453567937          -1169.403356417759          -1169.199815795777
          -0.630498533724          -1169.404144503838          -1169.200630715855
          -0.628543499511          -1169.404917300431          -1169.201430438029
          -0.626588465298          -1169.405674955952          -1169.202215111619
          -0.624633431085          -1169.406417618813          -1169.202984885945
          -0.622678396872          -1169.407145437427          -1169.203739910328
          -0.620723362659          -1169.407858560206          -1169.204480334087
          -0.618768328446          -1169.408557135565          -1169.205206306542
          -0.616813294233          -1169.409241311915          -1169.205917977014
          -0.614858260020          -1169.409911237670          -1169.206615494823
          -0.612903225806          -1169.410567061241          -1169.207299009289
          -0.610948191593          -1169.411208931042          -1169.207968669732
          -0.608993157380          -1169.411836995486          -1169.208624625473
          -0.607038123167          -1169.412451402985          -1169.209267025830
          -0.605083088954          -1169.413052301953          -1169.209896020125
          -0.603128054741          -1169.413639840801          -1169.210511757678
          -0.601173020528          -1169.414214167943          -1169.211114387808
          -0.599217986315          -1169.414775431792          -1169.211704059836
          -0.597262952102          -1169.415323780760          -1169.212280923082
          -0.595307917889          -1169.415859363260          -1169.212845126866
          -0.593352883675          -1169.416382327705          -1169.213396820508
          -0.591397849462          -1169.416892822508          -1169.213936153328
          -0.589442815249          -1169.417390996081          -1169.214463274647
          -0.587487781036          -1169.417876996837          -1169.214978333784
          -0.585532746823          -1169.418350973190          -1169.215481480060
          -0.583577712610          -1169.418813073552          -1169.215972862795
          -0.581622678397          -1169.419263446335          -1169.216452631309
          -0.579667644184          -1169.419702239952          -1169.216920934921
          -0.577712609971          -1169.420129602817          -1169.217377922953
          -0.575757575758          -1169.420545683342          -1169.217823744724
          -0.573802541544          -1169.420950629939          -1169.218258549555
          -0.571847507331          -1169.421344591022          -1169.218682486765
          -0.569892473118          -1169.421727715004          -1169.219095705675
          -0.567937438905          -1169.422100150297          -1169.219498355604
          -0.565982404692          -1169.422462045313          -1169.219890585874
          -0.564027370479          -1169.422813547611          -1169.220272544978
          -0.562072336266          -1169.423154792364          -1169.220644369476
          -0.560117302053          -1169.423485905425          -1169.221006186938
          -0.558162267840          -1169.423807012419          -1169.221358124716
          -0.556207233627          -1169.424118238970          -1169.221700310163
          -0.554252199413          -1169.424419710704          -1169.222032870630
          -0.552297165200          -1169.424711553245          -1169.222355933469
          -0.550342130987          -1169.424993892218          -1169.222669626032
          -0.548387096774          -1169.425266853248          -1169.222974075672
          -0.546432062561          -1169.425530561960          -1169.223269409739
          -0.544477028348          -1169.425785143979          -1169.223555755587
          -0.542521994135          -1169.426030724929          -1169.223833240567
          -0.540566959922          -1169.426267430435          -1169.224101992030
          -0.538611925709          -1169.426495386122          -1169.224362137329
          -0.536656891496          -1169.426714717615          -1169.224613803816
          -0.534701857283          -1169.426925550539          -1169.224857118842
          -0.532746823069          -1169.427128010518          -1169.225092209760
          -0.530791788856          -1169.427322223178          -1169.225319203921
          -0.528836754643          -1169.427508314142          -1169.225538228678
          -0.526881720430          -1169.427686409038          -1169.225749411382
          -0.524926686217          -1169.427856633487          -1169.225952879385
          -0.522971652004          -1169.428019113116          -1169.226148760040
          -0.521016617791          -1169.428173973550          -1169.226337180697
          -0.519061583578          -1169.428321340413          -1169.226518268710
          -0.517106549365          -1169.428461339330          -1169.226692151430
          -0.515151515152          -1169.428594095926          -1169.226858956208
          -0.513196480938          -1169.428719735826          -1169.227018810398
          -0.511241446725          -1169.428838384654          -1169.227171841350
          -0.509286412512          -1169.428950168036          -1169.227318176417
          -0.507331378299          -1169.429055211595          -1169.227457942950
          -0.505376344086          -1169.429153640958          -1169.227591268302
          -0.503421309873          -1169.429245581749          -1169.227718279825
          -0.501466275660          -1169.429331159593          -1169.227839104870
          -0.499511241447          -1169.429410500114          -1169.227953870789
          -0.497556207234          -1169.429483728938          -1169.228062704934
          -0.495601173021          -1169.429550971688          -1169.228165734658
          -0.493646138807          -1169.429612353991          -1169.228263087312
          -0.491691104594          -1169.429668001470          -1169.228354890248
          -0.489736070381          -1169.429718039751          -1169.228441270818
          -0.487781036168          -1169.429762594459          -1169.228522356374
          -0.485826001955          -1169.429801791218          -1169.228598274267
          -0.483870967742          -1169.429835755653          -1169.228669151851
          -0.481915933529          -1169.429864613388          -1169.228735116476
          -0.479960899316          -1169.429888490050          -1169.228796295495
          -0.478005865103          -1169.429907511239          -1169.228852816236
          -0.476050830890          -1169.429921787878          -1169.228904791247
          -0.474095796676          -1169.429931390968          -1169.228952292879
          -0.472140762463          -1169.429936384791          -1169.228995386715
          -0.470185728250          -1169.429936833627          -1169.229034138340
          -0.468230694037          -1169.429932801759          -1169.229068613337
          -0.466275659824          -1169.429924353468          -1169.229098877292
          -0.464320625611          -1169.429911553035          -1169.229124995787
          -0.462365591398          -1169.429894464741          -1169.229147034406
          -0.460410557185          -1169.429873152867          -1169.229165058735
          -0.458455522972          -1169.429847681696          -1169.229179134356
          -0.456500488759          -1169.429818115508          -1169.229189326854
          -0.454545454545          -1169.429784518585          -1169.229195701812
          -0.452590420332          -1169.429746955208          -1169.229198324816
          -0.450635386119          -1169.429705489658          -1169.229197261448
          -0.448680351906          -1169.429660186217          -1169.229192577292
          -0.446725317693          -1169.429611109167          -1169.229184337934
          -0.444770283480          -1169.429558322787          -1169.229172608956
          -0.442815249267          -1169.429501891360          -1169.229157455943
          -0.440860215054          -1169.429441879168          -1169.229138944479
          -0.438905180841          -1169.429378350491          -1169.229117140147
          -0.436950146628          -1169.429311369610          -1169.229092108532
          -0.434995112414          -1169.429241000808          -1169.229063915218
          -0.433040078201          -1169.429167308365          -1169.229032625789
          -0.431085043988          -1169.429090356563          -1169.228998305828
          -0.429130009775          -1169.429010209683          -1169.228961020920
          -0.427174975562          -1169.428926932007          -1169.228920836649
          -0.425219941349          -1169.428840587815          -1169.228877818599
          -0.423264907136          -1169.428751241390          -1169.228832032353
          -0.421309872923          -1169.428658957012          -1169.228783543496
          -0.419354838710          -1169.428563798962          -1169.228732417612
          -0.417399804497          -1169.428465831523          -1169.228678720285
          -0.415444770283          -1169.428365118976          -1169.228622517098
          -0.413489736070          -1169.428261725601          -1169.228563873636
          -0.411534701857          -1169.428155715681          -1169.228502855483
          -0.409579667644          -1169.428047153496          -1169.228439528223
          -0.407624633431          -1169.427936103328          -1169.228373957439
          -0.405669599218          -1169.427822629458          -1169.228306208717
          -0.403714565005          -1169.427706796168          -1169.228236347639
          -0.401759530792          -1169.427588667738          -1169.228164439790
          -0.399804496579          -1169.427468308450          -1169.228090550753
          -0.397849462366          -1169.427345782587          -1169.228014746114
          -0.395894428152          -1169.427221154428          -1169.227937091455
          -0.393939393939          -1169.427094488255          -1169.227857652361
          -0.391984359726          -1169.426965848350          -1169.227776494416
          -0.390029325513          -1169.426835297920          -1169.227693682079
          -0.388074291300          -1169.426702886993          -1169.227609266021
          -0.386119257087          -1169.426568656757          -1169.227523287660
          -0.384164222874          -1169.426432648238          -1169.227435788242
          -0.382209188661          -1169.426294902458          -1169.227346809017
          -0.380254154448          -1169.426155460442          -1169.227256391230
          -0.378299120235          -1169.426014363217          -1169.227164576130
          -0.376344086022          -1169.425871651804          -1169.227071404963
          -0.374389051808          -1169.425727367229          -1169.226976918978
          -0.372434017595          -1169.425581550517          -1169.226881159422
          -0.370478983382          -1169.425434242692          -1169.226784167540
          -0.368523949169          -1169.425285484777          -1169.226685984583
          -0.366568914956          -1169.425135317799          -1169.226586651796
          -0.364613880743          -1169.424983782781          -1169.226486210428
          -0.362658846530          -1169.424830920747          -1169.226384701724
          -0.360703812317          -1169.424676772722          -1169.226282166934
          -0.358748778104          -1169.424521379731          -1169.226178647303
          -0.356793743891          -1169.424364782798          -1169.226074184081
          -0.354838709677          -1169.424207022947          -1169.225968818514
          -0.352883675464          -1169.424048141203          -1169.225862591849
          -0.350928641251          -1169.423888178590          -1169.225755545333
          -0.348973607038          -1169.423727176132          -1169.225647720215
          -0.347018572825          -1169.423565174855          -1169.225539157742
          -0.345063538612          -1169.423402215783          -1169.225429899161
          -0.343108504399          -1169.423238339939          -1169.225319985719
          -0.341153470186          -1169.423073588349          -1169.225209458663
          -0.339198435973          -1169.422908002037          -1169.225098359242
          -0.337243401760          -1169.422741622027          -1169.224986728703
          -0.335288367546          -1169.422574489344          -1169.224874608292
          -0.333333333333          -1169.422406645012          -1169.224762039257
          -0.331378299120          -1169.422238130056          -1169.224649062847
          -0.329423264907          -1169.422068985500          -1169.224535720307
          -0.327468230694          -1169.421899252369          -1169.224422052886
          -0.325513196481          -1169.421728971686          -1169.224308101831
          -0.323558162268          -1169.421558184477          -1169.224193908389
          -0.321603128055          -1169.421386931766          -1169.224079513808
          -0.319648093842          -1169.421215254577          -1169.223964959334
          -0.317693059629          -1169.421043193935          -1169.223850286216
          -0.315738025415          -1169.420870790864          -1169.223735535701
          -0.313782991202          -1169.420698086388          -1169.223620749036
          -0.311827956989          -1169.420525121533          -1169.223505967469
          -0.309872922776          -1169.420351937322          -1169.223391232247
          -0.307917888563          -1169.420178574780          -1169.223276584617
          -0.305962854350          -1169.420005074932          -1169.223162065827
          -0.304007820137          -1169.419831478785          -1169.223047717107
          -0.302052785924          -1169.419657822390          -1169.222933574408
          -0.300097751711          -1169.419484129896          -1169.222819661011
          -0.298142717498          -1169.419310423701          -1169.222705998335
          -0.296187683284          -1169.419136726204          -1169.222592607797
          -0.294232649071          -1169.418963059805          -1169.222479510814
          -0.292277614858          -1169.418789446902          -1169.222366728806
          -0.290322580645          -1169.418615909895          -1169.222254283190
          -0.288367546432          -1169.418442471182          -1169.222142195383
          -0.286412512219          -1169.418269153163          -1169.222030486805
          -0.284457478006          -1169.418095978236          -1169.221919178872
          -0.282502443793          -1169.417922968800          -1169.221808293004
          -0.280547409580          -1169.417750147255          -1169.221697850616
          -0.278592375367          -1169.417577535999          -1169.221587873129
          -0.276637341153          -1169.417405157432          -1169.221478381960
          -0.274682306940          -1169.417233033952          -1169.221369398526
          -0.272727272727          -1169.417061187959          -1169.221260944246
          -0.270772238514          -1169.416889641851          -1169.221153040538
          -0.268817204301          -1169.416718418027          -1169.221045708819
          -0.266862170088          -1169.416547538887          -1169.220938970508
          -0.264907135875          -1169.416377026829          -1169.220832847023
          -0.262952101662          -1169.416206904253          -1169.220727359781
          -0.260997067449          -1169.416037193557          -1169.220622530200
          -0.259042033236          -1169.415867917141          -1169.220518379699
          -0.257086999022          -1169.415699097403          -1169.220414929695
          -0.255131964809          -1169.415530756743          -1169.220312201607
          -0.253176930596          -1169.415362917559          -1169.220210216852
          -0.251221896383          -1169.415195602250          -1169.220108996848
          -0.249266862170          -1169.415028833217          -1169.220008563014
          -0.247311827957          -1169.414862632856          -1169.219908936767
          -0.245356793744          -1169.414697023568          -1169.219810139525
          -0.243401759531          -1169.414532027751          -1169.219712192706
          -0.241446725318          -1169.414367667805          -1169.219615117729
          -0.239491691105          -1169.414203966128          -1169.219518936010
          -0.237536656891          -1169.414040945120          -1169.219423668969
          -0.235581622678          -1169.413878627179          -1169.219329338023
          -0.233626588465          -1169.413717034705          -1169.219235964590
          -0.231671554252          -1169.413556190096          -1169.219143570087
          -0.229716520039          -1169.413396115751          -1169.219052175934
          -0.227761485826          -1169.413236834070          -1169.218961803548
          -0.225806451613          -1169.413078367452          -1169.218872474347
          -0.223851417400          -1169.412920738295          -1169.218784209748
          -0.221896383187          -1169.412763968998          -1169.218697031170
          -0.219941348974          -1169.412608081961          -1169.218610960031
          -0.217986314761          -1169.412453099583          -1169.218526017749
          -0.216031280547          -1169.412299043612          -1169.218442225017
          -0.214076246334          -1169.412145928989          -1169.218359594928
          -0.212121212121          -1169.411993766585          -1169.218278136038
          -0.210166177908          -1169.411842567217          -1169.218197856839
          -0.208211143695          -1169.411692341705          -1169.218118765828
          -0.206256109482          -1169.411543100864          -1169.218040871496
          -0.204301075269          -1169.411394855512          -1169.217964182340
          -0.202346041056          -1169.411247616468          -1169.217888706852
          -0.200391006843          -1169.411101394549          -1169.217814453526
          -0.198435972630          -1169.410956200572          -1169.217741430858
          -0.196480938416          -1169.410812045355          -1169.217669647340
          -0.194525904203          -1169.410668939716          -1169.217599111468
          -0.192570869990          -1169.410526894472          -1169.217529831734
          -0.190615835777          -1169.410385920441          -1169.217461816633
          -0.188660801564          -1169.410246028440          -1169.217395074660
          -0.186705767351          -1169.410107229287          -1169.217329614308
          -0.184750733138          -1169.409969533799          -1169.217265444071
          -0.182795698925          -1169.409832952795          -1169.217202572444
          -0.180840664712          -1169.409697497091          -1169.217141007920
          -0.178885630499          -1169.409563177506          -1169.217080758994
          -0.176930596285          -1169.409430004856          -1169.217021834160
          -0.174975562072          -1169.409297989960          -1169.216964241911
          -0.173020527859          -1169.409167143636          -1169.216907990742
          -0.171065493646          -1169.409037476699          -1169.216853089147
          -0.169110459433          -1169.408908999970          -1169.216799545620
          -0.167155425220          -1169.408781724264          -1169.216747368655
          -0.165200391007          -1169.408655660400          -1169.216696566747
          -0.163245356794          -1169.408530819194          -1169.216647148388
          -0.161290322581          -1169.408407211465          -1169.216599122074
          -0.159335288368          -1169.408284848031          -1169.216552496298
          -0.157380254154          -1169.408163739708          -1169.216507279554
          -0.155425219941          -1169.408043897315          -1169.216463480338
          -0.153470185728          -1169.407925331669          -1169.216421107141
          -0.151515151515          -1169.407808053587          -1169.216380168460
          -0.149560117302          -1169.407692073888          -1169.216340672787
          -0.147605083089          -1169.407577403389          -1169.216302628617
          -0.145650048876          -1169.407464052907          -1169.216266044444
          -0.143695014663          -1169.407352033259          -1169.216230928762
          -0.141739980450          -1169.407241355265          -1169.216197290065
          -0.139784946237          -1169.407132029741          -1169.216165136847
          -0.137829912023          -1169.407024067504          -1169.216134477603
          -0.135874877810          -1169.406917479373          -1169.216105320825
          -0.133919843597          -1169.406812276165          -1169.216077675010
          -0.131964809384          -1169.406708468697          -1169.216051548649
          -0.130009775171          -1169.406606067773          -1169.216026950223
          -0.128054740958          -1169.406505081659          -1169.216003885557
          -0.126099706745          -1169.406405513236          -1169.215982354839
          -0.124144672532          -1169.406307364694          -1169.215962357539
          -0.122189638319          -1169.406210638225          -1169.215943893125
          -0.120234604106          -1169.406115336019          -1169.215926961065
          -0.118279569892          -1169.406021460268          -1169.215911560829
          -0.116324535679          -1169.405929013162          -1169.215897691883
          -0.114369501466          -1169.405837996892          -1169.215885353697
          -0.112414467253          -1169.405748413650          -1169.215874545739
          -0.110459433040          -1169.405660265627          -1169.215865267478
          -0.108504398827          -1169.405573555013          -1169.215857518381
          -0.106549364614          -1169.405488284000          -1169.215851297919
          -0.104594330401          -1169.405404454778          -1169.215846605558
          -0.102639296188          -1169.405322069539          -1169.215843440768
          -0.100684261975          -1169.405241130474          -1169.215841803016
          -0.098729227761          -1169.405161639772          -1169.215841691773
          -0.096774193548          -1169.405083599627          -1169.215843106504
          -0.094819159335          -1169.405007012228          -1169.215846046680
          -0.092864125122          -1169.404931879767          -1169.215850511769
          -0.090909090909          -1169.404858204434          -1169.215856501238
          -0.088954056696          -1169.404785988421          -1169.215864014558
          -0.086999022483          -1169.404715233919          -1169.215873051195
          -0.085043988270          -1169.404645943118          -1169.215883610619
          -0.083088954057          -1169.404578118209          -1169.215895692298
          -0.081133919844          -1169.404511761385          -1169.215909295700
          -0.079178885630          -1169.404446874835          -1169.215924420294
          -0.077223851417          -1169.404383460751          -1169.215941065548
          -0.075268817204          -1169.404321521323          -1169.215959230932
          -0.073313782991          -1169.404261058743          -1169.215978915912
          -0.071358748778          -1169.404202075202          -1169.216000119957
          -0.069403714565          -1169.404144572891          -1169.216022842538
          -0.067448680352          -1169.404088554000          -1169.216047083120
          -0.065493646139          -1169.404034020721          -1169.216072841174
          -0.063538611926          -1169.403980975244          -1169.216100116167
          -0.061583577713          -1169.403929419762          -1169.216128907568
          -0.059628543500          -1169.403879356464          -1169.216159214845
          -0.057673509286          -1169.403830787542          -1169.216191037467
          -0.055718475073          -1169.403783715186          -1169.216224374903
          -0.053763440860          -1169.403738141589          -1169.216259226620
          -0.051808406647          -1169.403694068940          -1169.216295592087
          -0.049853372434          -1169.403651499431          -1169.216333470773
          -0.047898338221          -1169.403610435252          -1169.216372862146
          -0.045943304008          -1169.403570878596          -1169.216413765674
          -0.043988269795          -1169.403532831652          -1169.216456180827
          -0.042033235582          -1169.403496296155          -1169.216500106613
          -0.040078201369          -1169.403461269716          -1169.216545537901
          -0.038123167155          -1169.403427747753          -1169.216592467360
          -0.036168132942          -1169.403395725669          -1169.216640887640
          -0.034213098729          -1169.403365198863          -1169.216690791390
          -0.032258064516          -1169.403336162737          -1169.216742171260
          -0.030303030303          -1169.403308612692          -1169.216795019899
          -0.028347996090          -1169.403282544127          -1169.216849329958
          -0.026392961877          -1169.403257952443          -1169.216905094085
          -0.024437927664          -1169.403234833043          -1169.216962304930
          -0.022482893451          -1169.403213181325          -1169.217020955142
          -0.020527859238          -1169.403192992690          -1169.217081037372
          -0.018572825024          -1169.403174262540          -1169.217142544268
          -0.016617790811          -1169.403156986275          -1169.217205468480
          -0.014662756598          -1169.403141159296          -1169.217269802659
          -0.012707722385          -1169.403126777003          -1169.217335539452
          -0.010752688172          -1169.403113834797          -1169.217402671510
          -0.008797653959          -1169.403102328079          -1169.217471191483
          -0.006842619746          -1169.403092252249          -1169.217541092019
          -0.004887585533          -1169.403083602708          -1169.217612365769
          -0.002932551320          -1169.403076374857          -1169.217685005382
          -0.000977517107          -1169.403070564097          -1169.217759003508
           0.000977517107          -1169.403066165828          -1169.217834352795
           0.002932551320          -1169.403063175450          -1169.217911045894
           0.004887585533          -1169.403061588366          -1169.217989075453
           0.006842619746          -1169.403061399974          -1169.218068434124
           0.008797653959          -1169.403062605676          -1169.218149114555
           0.010752688172          -1169.403065200873          -1169.218231109396
           0.012707722385          -1169.403069180965          -1169.218314411295
           0.014662756598          -1169.403074541353          -1169.218399012904
           0.016617790811          -1169.403081277437          -1169.218484906871
           0.018572825024          -1169.403089384619          -1169.218572085846
           0.020527859238          -1169.403098858299          -1169.218660542478
           0.022482893451          -1169.403109693878          -1169.218750269417
           0.024437927664          -1169.403121886756          -1169.218841259312
           0.026392961877          -1169.403135432334          -1169.218933504814
           0.028347996090          -1169.403150326013          -1169.219026998571
           0.030303030303          -1169.403166563193          -1169.219121733233
           0.032258064516          -1169.403184139275          -1169.219217701450
           0.034213098729          -1169.403203049660          -1169.219314895871
           0.036168132942          -1169.403223289749          -1169.219413309146
           0.038123167155          -1169.403244854942          -1169.219512933924
           0.040078201369          -1169.403267740639          -1169.219613762855
           0.042033235582          -1169.403291942242          -1169.219715788588
           0.043988269795          -1169.403317455134          -1169.219819003758
           0.045943304008          -1169.403344272839          -1169.219923399351
           0.047898338221          -1169.403372385374          -1169.220028963251
           0.049853372434          -1169.403401782370          -1169.220135682996
           0.051808406647          -1169.403432453455          -1169.220243546124
           0.053763440860          -1169.403464388261          -1169.220352540174
           0.055718475073          -1169.403497576416          -1169.220462652686
           0.057673509286          -1169.403532007551          -1169.220573871197
           0.059628543500          -1169.403567671295          -1169.220686183247
           0.061583577713          -1169.403604557278          -1169.220799576374
           0.063538611926          -1169.403642655131          -1169.220914038117
           0.065493646139          -1169.403681954482          -1169.221029556014
           0.067448680352          -1169.403722444962          -1169.221146117605
           0.069403714565          -1169.403764116200          -1169.221263710428
           0.071358748778          -1169.403806957827          -1169.221382322022
           0.073313782991          -1169.403850959471          -1169.221501939925
           0.075268817204          -1169.403896110764          -1169.221622551676
           0.077223851417          -1169.403942401334          -1169.221744144814
           0.079178885630          -1169.403989820811          -1169.221866706878
           0.081133919844          -1169.404038358826          -1169.221990225407
           0.083088954057          -1169.404088005008          -1169.222114687938
           0.085043988270          -1169.404138748987          -1169.222240082011
           0.086999022483          -1169.404190580393          -1169.222366395165
           0.088954056696          -1169.404243488856          -1169.222493614938
           0.090909090909          -1169.404297464004          -1169.222621728868
           0.092864125122          -1169.404352495470          -1169.222750724496
           0.094819159335          -1169.404408572881          -1169.222880589358
           0.096774193548          -1169.404465685868          -1169.223011310995
           0.098729227761          -1169.404523824060          -1169.223142876945
           0.100684261975          -1169.404582977088          -1169.223275274746
           0.102639296188          -1169.404643134581          -1169.223408491938
           0.104594330401          -1169.404704286170          -1169.223542516057
           0.106549364614          -1169.404766421483          -1169.223677334646
           0.108504398827          -1169.404829530151          -1169.223812935240
           0.110459433040          -1169.404893601803          -1169.223949305379
           0.112414467253          -1169.404958626070          -1169.224086432603
           0.114369501466          -1169.405024592581          -1169.224224304448
           0.116324535679          -1169.405091490966          -1169.224362908455
           0.118279569892          -1169.405159310855          -1169.224502232162
           0.120234604106          -1169.405228041877          -1169.224642263108
           0.122189638319          -1169.405297673663          -1169.224782988831
           0.124144672532          -1169.405368195842          -1169.224924396870
           0.126099706745          -1169.405439598044          -1169.225066474764
           0.128054740958          -1169.405511869899          -1169.225209210051
           0.130009775171          -1169.405585001036          -1169.225352590271
           0.131964809384          -1169.405658980715          -1169.225496602676
           0.133919843597          -1169.405733795290          -1169.225641232288
           0.135874877810          -1169.405809429750          -1169.225786463077
           0.137829912023          -1169.405885869075          -1169.225932279008
           0.139784946237          -1169.405963098247          -1169.226078664045
           0.141739980450          -1169.406041102245          -1169.226225602152
           0.143695014663          -1169.406119866050          -1169.226373077295
           0.145650048876          -1169.406199374643          -1169.226521073436
           0.147605083089          -1169.406279613004          -1169.226669574541
           0.149560117302          -1169.406360566114          -1169.226818564574
           0.151515151515          -1169.406442218954          -1169.226968027500
           0.153470185728          -1169.406524556504          -1169.227117947283
           0.155425219941          -1169.406607563744          -1169.227268307887
           0.157380254154          -1169.406691225656          -1169.227419093277
           0.159335288368          -1169.406775527219          -1169.227570287417
           0.161290322581          -1169.406860453414          -1169.227721874272
           0.163245356794          -1169.406945989223          -1169.227873837806
           0.165200391007          -1169.407032119625          -1169.228026161983
           0.167155425220          -1169.407118829602          -1169.228178830768
           0.169110459433          -1169.407206104132          -1169.228331828125
           0.171065493646          -1169.407293928199          -1169.228485138019
           0.173020527859          -1169.407382286781          -1169.228638744414
           0.174975562072          -1169.407471164859          -1169.228792631275
           0.176930596285          -1169.407560547415          -1169.228946782565
           0.178885630499          -1169.407650419427          -1169.229101182250
           0.180840664712          -1169.407740765879          -1169.229255814294
           0.182795698925          -1169.407831571749          -1169.229410662660
           0.184750733138          -1169.407922822018          -1169.229565711315
           0.186705767351          -1169.408014501667          -1169.229720944221
           0.188660801564          -1169.408106595677          -1169.229876345344
           0.190615835777          -1169.408199089027          -1169.230031898648
           0.192570869990          -1169.408291966699          -1169.230187588097
           0.194525904203          -1169.408385213673          -1169.230343397655
           0.196480938416          -1169.408478814931          -1169.230499311288
           0.198435972630          -1169.408572755451          -1169.230655312959
           0.200391006843          -1169.408667020215          -1169.230811386633
           0.202346041056          -1169.408761594204          -1169.230967516274
           0.204301075269          -1169.408856462398          -1169.231123685848
           0.206256109482          -1169.408951609778          -1169.231279879317
           0.208211143695          -1169.409047021324          -1169.231436080647
           0.210166177908          -1169.409142682017          -1169.231592273801
           0.212121212121          -1169.409238576837          -1169.231748442746
           0.214076246334          -1169.409334690765          -1169.231904571444
           0.216031280547          -1169.409431008781          -1169.232060643860
           0.217986314761          -1169.409527515854          -1169.232216643949
           0.219941348974          -1169.409624195961          -1169.232372554969
           0.221896383187          -1169.409721031428          -1169.232528359005
           0.223851417400          -1169.409818004419          -1169.232684038032
           0.225806451613          -1169.409915097102          -1169.232839574028
           0.227761485826          -1169.410012291642          -1169.232994948965
           0.229716520039          -1169.410109570206          -1169.233150144821
           0.231671554252          -1169.410206914959          -1169.233305143570
           0.233626588465          -1169.410304308069          -1169.233459927186
           0.235581622678          -1169.410401731701          -1169.233614477647
           0.237536656891          -1169.410499168021          -1169.233768776927
           0.239491691105          -1169.410596599196          -1169.233922807001
           0.241446725318          -1169.410694007392          -1169.234076549845
           0.243401759531          -1169.410791374775          -1169.234229987433
           0.245356793744          -1169.410888683511          -1169.234383101742
           0.247311827957          -1169.410985915766          -1169.234535874745
           0.249266862170          -1169.411083053707          -1169.234688288421
           0.251221896383          -1169.411180079500          -1169.234840324741
           0.253176930596          -1169.411276975310          -1169.234991965684
           0.255131964809          -1169.411373723305          -1169.235143193222
           0.257086999022          -1169.411470305650          -1169.235293989333
           0.259042033236          -1169.411566704512          -1169.235444335991
           0.260997067449          -1169.411662902057          -1169.235594215171
           0.262952101662          -1169.411758880450          -1169.235743608850
           0.264907135875          -1169.411854621858          -1169.235892499001
           0.266862170088          -1169.411950108448          -1169.236040867600
           0.268817204301          -1169.412045322385          -1169.236188696624
           0.270772238514          -1169.412140245836          -1169.236335968046
           0.272727272727          -1169.412234860967          -1169.236482663843
           0.274682306940          -1169.412329149943          -1169.236628765989
           0.276637341153          -1169.412423094932          -1169.236774256460
           0.278592375367          -1169.412516678100          -1169.236919117231
           0.280547409580          -1169.412609881612          -1169.237063330277
           0.282502443793          -1169.412702687635          -1169.237206877574
           0.284457478006          -1169.412795078335          -1169.237349741098
           0.286412512219          -1169.412887035878          -1169.237491902822
           0.288367546432          -1169.412978542430          -1169.237633344723
           0.290322580645          -1169.413069580158          -1169.237774048776
           0.292277614858          -1169.413160131228          -1169.237913996957
           0.294232649071          -1169.413250177806          -1169.238053171239
           0.296187683284          -1169.413339702058          -1169.238191553600
           0.298142717498          -1169.413428686150          -1169.238329126013
           0.300097751711          -1169.413517112249          -1169.238465870455
           0.302052785924          -1169.413604962521          -1169.238601768900
           0.304007820137          -1169.413692219131          -1169.238736803325
           0.305962854350          -1169.413778864243          -1169.238870955799
           0.307917888563          -1169.413864879993          -1169.239004209043
           0.309872922776          -1169.413950248508          -1169.239136546046
           0.311827956989          -1169.414034951913          -1169.239267949800
           0.313782991202          -1169.414118972335          -1169.239398403297
           0.315738025415          -1169.414202291901          -1169.239527889527
           0.317693059629          -1169.414284892735          -1169.239656391482
           0.319648093842          -1169.414366756965          -1169.239783892153
           0.321603128055          -1169.414447866717          -1169.239910374531
           0.323558162268          -1169.414528204117          -1169.240035821607
           0.325513196481          -1169.414607751291          -1169.240160216373
           0.327468230694          -1169.414686490366          -1169.240283541819
           0.329423264907          -1169.414764403467          -1169.240405780938
           0.331378299120          -1169.414841472720          -1169.240526916719
           0.333333333333          -1169.414917680253          -1169.240646932155
           0.335288367546          -1169.414993008191          -1169.240765810236
           0.337243401760          -1169.415067438660          -1169.240883533954
           0.339198435973          -1169.415140953788          -1169.241000086300
           0.341153470186          -1169.415213535699          -1169.241115450265
           0.343108504399          -1169.415285166519          -1169.241229608841
           0.345063538612          -1169.415355828376          -1169.241342545018
           0.347018572825          -1169.415425503396          -1169.241454241787
           0.348973607038          -1169.415494173704          -1169.241564682141
           0.350928641251          -1169.415561821428          -1169.241673849070
           0.352883675464          -1169.415628428692          -1169.241781725565
           0.354838709677          -1169.415693977624          -1169.241888294618
           0.356793743891          -1169.415758450349          -1169.241993539219
           0.358748778104          -1169.415821828994          -1169.242097442361
           0.360703812317          -1169.415884095685          -1169.242199987033
           0.362658846530          -1169.415945232548          -1169.242301156228
           0.364613880743          -1169.416005221709          -1169.242400932937
           0.366568914956          -1169.416064045296          -1169.242499300151
           0.368523949169          -1169.416121685432          -1169.242596240860
           0.370478983382          -1169.416178124246          -1169.242691738057
           0.372434017595          -1169.416233343863          -1169.242785774732
           0.374389051808          -1169.416287326409          -1169.242878333877
           0.376344086022          -1169.416340054011          -1169.242969398482
           0.378299120235          -1169.416391508795          -1169.243058951540
           0.380254154448          -1169.416441672887          -1169.243146976040
           0.382209188661          -1169.416490528413          -1169.243233454976
           0.384164222874          -1169.416538057500          -1169.243318371336
           0.386119257087          -1169.416584242273          -1169.243401708114
           0.388074291300          -1169.416629064860          -1169.243483448300
           0.390029325513          -1169.416672507385          -1169.243563574885
           0.391984359726          -1169.416714551995          -1169.243642070881
           0.393939393939          -1169.416755181904          -1169.243718920399
           0.395894428152          -1169.416794381915          -1169.243794109193
           0.397849462366          -1169.416832136963          -1169.243867623149
           0.399804496579          -1169.416868431981          -1169.243939448152
           0.401759530792          -1169.416903251903          -1169.244009570089
           0.403714565005          -1169.416936581664          -1169.244077974845
           0.405669599218          -1169.416968406197          -1169.244144648308
           0.407624633431          -1169.416998710436          -1169.244209576363
           0.409579667644          -1169.417027479316          -1169.244272744897
           0.411534701857          -1169.417054697769          -1169.244334139795
           0.413489736070          -1169.417080350730          -1169.244393746943
           0.415444770283          -1169.417104423134          -1169.244451552229
           0.417399804497          -1169.417126899913          -1169.244507541538
           0.419354838710          -1169.417147766002          -1169.244561700756
           0.421309872923          -1169.417167006335          -1169.244614015770
           0.423264907136          -1169.417184605845          -1169.244664472465
           0.425219941349          -1169.417200549468          -1169.244713056728
           0.427174975562          -1169.417214822135          -1169.244759754444
           0.429130009775          -1169.417227408782          -1169.244804551501
           0.431085043988          -1169.417238294343          -1169.244847433784
           0.433040078201          -1169.417247463751          -1169.244888387180
           0.434995112414          -1169.417254901940          -1169.244927397574
           0.436950146628          -1169.417260593845          -1169.244964450852
           0.438905180841          -1169.417264524399          -1169.244999532902
           0.440860215054          -1169.417266678536          -1169.245032629608
           0.442815249267          -1169.417267041189          -1169.245063726858
           0.444770283480          -1169.417265597295          -1169.245092810538
           0.446725317693          -1169.417262331785          -1169.245119866533
           0.448680351906          -1169.417257229593          -1169.245144880729
           0.450635386119          -1169.417250275655          -1169.245167839013
           0.452590420332          -1169.417241454903          -1169.245188727272
           0.454545454545          -1169.417230752272          -1169.245207531390
           0.456500488759          -1169.417218152696          -1169.245224237255
           0.458455522972          -1169.417203641109          -1169.245238830753
           0.460410557185          -1169.417187202444          -1169.245251297769
           0.462365591398          -1169.417168821635          -1169.245261624190
           0.464320625611          -1169.417148483617          -1169.245269795902
           0.466275659824          -1169.417126173322          -1169.245275798791
           0.468230694037          -1169.417101875687          -1169.245279618744
           0.470185728250          -1169.417075575643          -1169.245281241646
           0.472140762463          -1169.417047258126          -1169.245280653384
           0.474095796676          -1169.417016908068          -1169.245277839844
           0.476050830890          -1169.416984510405          -1169.245272786911
           0.478005865103          -1169.416950050070          -1169.245265480473
           0.479960899316          -1169.416913512735          -1169.245255907166
           0.481915933529          -1169.416874888458          -1169.245244058093
           0.483870967742          -1169.416834168911          -1169.245229925995
           0.485826001955          -1169.416791345765          -1169.245213503618
           0.487781036168          -1169.416746410695          -1169.245194783706
           0.489736070381          -1169.416699355374          -1169.245173759005
           0.491691104594          -1169.416650171476          -1169.245150422261
           0.493646138807          -1169.416598850673          -1169.245124766218
           0.495601173021          -1169.416545384639          -1169.245096783621
           0.497556207234          -1169.416489765048          -1169.245066467216
           0.499511241447          -1169.416431983572          -1169.245033809748
           0.501466275660          -1169.416372031885          -1169.244998803961
           0.503421309873          -1169.416309901660          -1169.244961442601
           0.505376344086          -1169.416245584571          -1169.244921718414
           0.507331378299          -1169.416179072291          -1169.244879624143
           0.509286412512          -1169.416110356493          -1169.244835152536
           0.511241446725          -1169.416039428850          -1169.244788296335
           0.513196480938          -1169.415966281037          -1169.244739048288
           0.515151515152          -1169.415890904725          -1169.244687401139
           0.517106549365          -1169.415813291589          -1169.244633347632
           0.519061583578          -1169.415733433302          -1169.244576880514
           0.521016617791          -1169.415651321537          -1169.244517992529
           0.522971652004          -1169.415566947968          -1169.244456676423
           0.524926686217          -1169.415480304267          -1169.244392924940
           0.526881720430          -1169.415391382108          -1169.244326730826
           0.528836754643          -1169.415300173165          -1169.244258086826
           0.530791788856          -1169.415206669110          -1169.244186985685
           0.532746823069          -1169.415110861618          -1169.244113420148
           0.534701857283          -1169.415012742361          -1169.244037382961
           0.536656891496          -1169.414912303013          -1169.243958866868
           0.538611925709          -1169.414809535247          -1169.243877864615
           0.540566959922          -1169.414704430736          -1169.243794368947
           0.542521994135          -1169.414596981154          -1169.243708372608
           0.544477028348          -1169.414487178173          -1169.243619868345
           0.546432062561          -1169.414375013469          -1169.243528848902
           0.548387096774          -1169.414260478713          -1169.243435307025
           0.550342130987          -1169.414143565578          -1169.243339235458
           0.552297165200          -1169.414024265739          -1169.243240626947
           0.554252199413          -1169.413902570869          -1169.243139474236
           0.556207233627          -1169.413778472640          -1169.243035770072
           0.558162267840          -1169.413651962727          -1169.242929507199
           0.560117302053          -1169.413523032802          -1169.242820678362
           0.562072336266          -1169.413391674540          -1169.242709276307
           0.564027370479          -1169.413257879612          -1169.242595293778
           0.565982404692          -1169.413121639778          -1169.242478723601
           0.567937438905          -1169.412982950252          -1169.242359561867
           0.569892473118          -1169.412841810844          -1169.242237809011
           0.571847507331          -1169.412698221680          -1169.242113465763
           0.573802541544          -1169.412552182887          -1169.241986532855
           0.575757575758          -1169.412403694591          -1169.241857011022
           0.577712609971          -1169.412252756919          -1169.241724900995
           0.579667644184          -1169.412099369997          -1169.241590203505
           0.581622678397          -1169.411943533951          -1169.241452919287
           0.583577712610          -1169.411785248908          -1169.241313049072
           0.585532746823          -1169.411624514995          -1169.241170593591
           0.587487781036          -1169.411461332338          -1169.241025553579
           0.589442815249          -1169.411295701062          -1169.240877929768
           0.591397849462          -1169.411127621296          -1169.240727722889
           0.593352883675          -1169.410957093166          -1169.240574933675
           0.595307917889          -1169.410784116796          -1169.240419562859
           0.597262952102          -1169.410608692315          -1169.240261611172
           0.599217986315          -1169.410430819849          -1169.240101079348
           0.601173020528          -1169.410250499524          -1169.239937968118
           0.603128054741          -1169.410067731466          -1169.239772278215
           0.605083088954          -1169.409882515803          -1169.239604010372
           0.607038123167          -1169.409694852660          -1169.239433165321
           0.608993157380          -1169.409504742164          -1169.239259743794
           0.610948191593          -1169.409312184441          -1169.239083746524
           0.612903225806          -1169.409117179619          -1169.238905174242
           0.614858260020          -1169.408919727822          -1169.238724027682
           0.616813294233          -1169.408719829179          -1169.238540307576
           0.618768328446          -1169.408517483815          -1169.238354014656
           0.620723362659          -1169.408312691856          -1169.238165149655
           0.622678396872          -1169.408105453430          -1169.237973713305
           0.624633431085          -1169.407895768663          -1169.237779706338
           0.626588465298          -1169.407683637680          -1169.237583129487
           0.628543499511          -1169.407469060609          -1169.237383983484
           0.630498533724          -1169.407252037577          -1169.237182269062
           0.632453567937          -1169.407032568708          -1169.236977986953
           0.634408602151          -1169.406810654131          -1169.236771137888
           0.636363636364          -1169.406586293971          -1169.236561722602
           0.638318670577          -1169.406359488355          -1169.236349741826
           0.640273704790          -1169.406130237409          -1169.236135196293
           0.642228739003          -1169.405898541261          -1169.235918086734
           0.644183773216          -1169.405664400035          -1169.235698413883
           0.646138807429          -1169.405427813859          -1169.235476178471
           0.648093841642          -1169.405188782860          -1169.235251381232
           0.650048875855          -1169.404947307163          -1169.235024022897
           0.652003910068          -1169.404703386895          -1169.234794104199
           0.653958944282          -1169.404457023858          -1169.234561627627
           0.655913978495          -1169.404208228567          -1169.234326604796
           0.657869012708          -1169.403957014357          -1169.234089050279
           0.659824046921          -1169.403703394567          -1169.233848978652
           0.661779081134          -1169.403447382533          -1169.233606404490
           0.663734115347          -1169.403188991594          -1169.233361342366
           0.665689149560          -1169.402928235087          -1169.233113806858
           0.667644183773          -1169.402665126349          -1169.232863812538
           0.669599217986          -1169.402399678719          -1169.232611373982
           0.671554252199          -1169.402131905534          -1169.232356505765
           0.673509286413          -1169.401861820132          -1169.232099222461
           0.675464320626          -1169.401589435850          -1169.231839538647
           0.677419354839          -1169.401314766026          -1169.231577468895
           0.679374389052          -1169.401037823998          -1169.231313027782
           0.681329423265          -1169.400758623103          -1169.231046229882
           0.683284457478          -1169.400477176679          -1169.230777089771
           0.685239491691          -1169.400193498064          -1169.230505622022
           0.687194525904          -1169.399907600595          -1169.230231841211
           0.689149560117          -1169.399619497610          -1169.229955761912
           0.691104594330          -1169.399329202446          -1169.229677398702
           0.693059628543          -1169.399036728442          -1169.229396766153
           0.695014662757          -1169.398742088935          -1169.229113878842
           0.696969696970          -1169.398445297262          -1169.228828751343
           0.698924731183          -1169.398146366762          -1169.228541398231
           0.700879765396          -1169.397845310771          -1169.228251834081
           0.702834799609          -1169.397542142628          -1169.227960073467
           0.704789833822          -1169.397236875669          -1169.227666130965
           0.706744868035          -1169.396929523234          -1169.227370021150
           0.708699902248          -1169.396620098660          -1169.227071758596
           0.710654936461          -1169.396308615283          -1169.226771357878
           0.712609970674          -1169.395995086442          -1169.226468833572
           0.714565004888          -1169.395679525475          -1169.226164200251
           0.716520039101          -1169.395361945718          -1169.225857472491
           0.718475073314          -1169.395042360510          -1169.225548664867
           0.720430107527          -1169.394720783189          -1169.225237791953
           0.722385141740          -1169.394397227092          -1169.224924868325
           0.724340175953          -1169.394071705556          -1169.224609908557
           0.726295210166          -1169.393744231920          -1169.224292927224
           0.728250244379          -1169.393414819520          -1169.223973938902
           0.730205278592          -1169.393083481695          -1169.223652958164
           0.732160312805          -1169.392750231783          -1169.223329999586
           0.734115347019          -1169.392415083121          -1169.223005077743
           0.736070381232          -1169.392078049046          -1169.222678207209
           0.738025415445          -1169.391739142896          -1169.222349402560
           0.739980449658          -1169.391398378078          -1169.222018678427
           0.741935483871          -1169.391055770169          -1169.221686051267
           0.743890518084          -1169.390711337326          -1169.221351539700
           0.745845552297          -1169.390365097852          -1169.221015162468
           0.747800586510          -1169.390017070052          -1169.220676938318
           0.749755620723          -1169.389667272229          -1169.220336885992
           0.751710654936          -1169.389315722688          -1169.219995024236
           0.753665689150          -1169.388962439732          -1169.219651371792
           0.755620723363          -1169.388607441667          -1169.219305947407
           0.757575757576          -1169.388250746796          -1169.218958769824
           0.759530791789          -1169.387892373424          -1169.218609857786
           0.761485826002          -1169.387532339853          -1169.218259230040
           0.763440860215          -1169.387170664390          -1169.217906905328
           0.765395894428          -1169.386807365337          -1169.217552902395
           0.767350928641          -1169.386442460999          -1169.217197239985
           0.769305962854          -1169.386075969680          -1169.216839936843
           0.771260997067          -1169.385707909685          -1169.216481011713
           0.773216031281          -1169.385338299317          -1169.216120483339
           0.775171065494          -1169.384967156880          -1169.215758370465
           0.777126099707          -1169.384594500679          -1169.215394691837
           0.779081133920          -1169.384220349018          -1169.215029466196
           0.781036168133          -1169.383844720200          -1169.214662712289
           0.782991202346          -1169.383467632531          -1169.214294448859
           0.784946236559          -1169.383089104315          -1169.213924694651
           0.786901270772          -1169.382709153854          -1169.213553468410
           0.788856304985          -1169.382327799454          -1169.213180788878
           0.790811339198          -1169.381945059419          -1169.212806674801
           0.792766373412          -1169.381560952053          -1169.212431144922
           0.794721407625          -1169.381175495659          -1169.212054217987
           0.796676441838          -1169.380788708543          -1169.211675912739
           0.798631476051          -1169.380400609008          -1169.211296247922
           0.800586510264          -1169.380011215359          -1169.210915242282
           0.802541544477          -1169.379620545899          -1169.210532914561
           0.804496578690          -1169.379228618933          -1169.210149283504
           0.806451612903          -1169.378835452764          -1169.209764367856
           0.808406647116          -1169.378441065698          -1169.209378186362
           0.810361681329          -1169.378045476038          -1169.208990757764
           0.812316715543          -1169.377648702089          -1169.208602100808
           0.814271749756          -1169.377250762154          -1169.208212234237
           0.816226783969          -1169.376851674537          -1169.207821176797
           0.818181818182          -1169.376451457543          -1169.207428947230
           0.820136852395          -1169.376050129476          -1169.207035564282
           0.822091886608          -1169.375647708640          -1169.206641046697
           0.824046920821          -1169.375244213340          -1169.206245413219
           0.826001955034          -1169.374839661879          -1169.205848682592
           0.827956989247          -1169.374434075662          -1169.205450876607
           0.829912023460          -1169.374027490231          -1169.205052030936
           0.831867057674          -1169.373619945152          -1169.204652185208
           0.833822091887          -1169.373211479990          -1169.204251379050
           0.835777126100          -1169.372802134313          -1169.203849652090
           0.837732160313          -1169.372391947686          -1169.203447043956
           0.839687194526          -1169.371980959678          -1169.203043594274
           0.841642228739          -1169.371569209853          -1169.202639342673
           0.843597262952          -1169.371156737778          -1169.202234328780
           0.845552297165          -1169.370743583020          -1169.201828592223
           0.847507331378          -1169.370329785146          -1169.201422172631
           0.849462365591          -1169.369915383721          -1169.201015109629
           0.851417399804          -1169.369500418313          -1169.200607442847
           0.853372434018          -1169.369084928487          -1169.200199211911
           0.855327468231          -1169.368668953810          -1169.199790456449
           0.857282502444          -1169.368252533849          -1169.199381216090
           0.859237536657          -1169.367835708171          -1169.198971530460
           0.861192570870          -1169.367418516340          -1169.198561439187
           0.863147605083          -1169.367000997925          -1169.198150981900
           0.865102639296          -1169.366583192491          -1169.197740198225
           0.867057673509          -1169.366165139606          -1169.197329127790
           0.869012707722          -1169.365746878834          -1169.196917810223
           0.870967741935          -1169.365328449744          -1169.196506285152
           0.872922776149          -1169.364909891901          -1169.196094592205
           0.874877810362          -1169.364491244872          -1169.195682771008
           0.876832844575          -1169.364072548223          -1169.195270861190
           0.878787878788          -1169.363653841521          -1169.194858902377
           0.880742913001          -1169.363235164333          -1169.194446934199
           0.882697947214          -1169.362816556224          -1169.194034996282
           0.884652981427          -1169.362398056761          -1169.193623128255
           0.886608015640          -1169.361979705511          -1169.193211369744
           0.888563049853          -1169.361561542040          -1169.192799760379
           0.890518084066          -1169.361143605915          -1169.192388339785
           0.892473118280          -1169.360725936702          -1169.191977147590
           0.894428152493          -1169.360308573967          -1169.191566223424
           0.896383186706          -1169.359891557277          -1169.191155606913
           0.898338220919          -1169.359474926199          -1169.190745337685
           0.900293255132          -1169.359058720299          -1169.190335455366
           0.902248289345          -1169.358642979144          -1169.189925999587
           0.904203323558          -1169.358227742299          -1169.189517009973
           0.906158357771          -1169.357813049331          -1169.189108526152
           0.908113391984          -1169.357398939808          -1169.188700587753
           0.910068426197          -1169.356985453294          -1169.188293234402
           0.912023460411          -1169.356572629358          -1169.187886505728
           0.913978494624          -1169.356160506397          -1169.187480440212
           0.915933528837          -1169.355749093038          -1169.187075047130
           0.917888563050          -1169.355338366418          -1169.186670304864
           0.919843597263          -1169.354928302160          -1169.186266190315
           0.921798631476          -1169.354518875891          -1169.185862680381
           0.923753665689          -1169.354110063235          -1169.185459751964
           0.925708699902          -1169.353701839818          -1169.185057381963
           0.927663734115          -1169.353294181263          -1169.184655547277
           0.929618768328          -1169.352887063196          -1169.184254224808
           0.931573802542          -1169.352480461243          -1169.183853391455
           0.933528836755          -1169.352074351027          -1169.183453024118
           0.935483870968          -1169.351668708174          -1169.183053099697
           0.937438905181          -1169.351263508310          -1169.182653595091
           0.939393939394          -1169.350858727058          -1169.182254487202
           0.941348973607          -1169.350454340044          -1169.181855752929
           0.943304007820          -1169.350050322892          -1169.181457369171
           0.945259042033          -1169.349646651229          -1169.181059312829
           0.947214076246          -1169.349243300678          -1169.180661560804
           0.949169110459          -1169.348840246865          -1169.180264089994
           0.951124144673          -1169.348437465414          -1169.179866877299
           0.953079178886          -1169.348034931951          -1169.179469899621
           0.955034213099          -1169.347632622101          -1169.179073133858
           0.956989247312          -1169.347230511488          -1169.178676556911
           0.958944281525          -1169.346828575737          -1169.178280145680
           0.960899315738          -1169.346426790474          -1169.177883877064
           0.962854349951          -1169.346025131323          -1169.177487727964
           0.964809384164          -1169.345623573910          -1169.177091675279
           0.966764418377          -1169.345222093858          -1169.176695695910
           0.968719452590          -1169.344820666795          -1169.176299766757
           0.970674486804          -1169.344419268343          -1169.175903864719
           0.972629521017          -1169.344017874128          -1169.175507966697
           0.974584555230          -1169.343616459775          -1169.175112049590
           0.976539589443          -1169.343215000910          -1169.174716090299
           0.978494623656          -1169.342813473156          -1169.174320065723
           0.980449657869          -1169.342411852140          -1169.173923952762
           0.982404692082          -1169.342010113485          -1169.173527728318
           0.984359726295          -1169.341608232818          -1169.173131369288
           0.986314760508          -1169.341206185762          -1169.172734852573
           0.988269794721          -1169.340803947943          -1169.172338155074
           0.990224828935          -1169.340401494986          -1169.171941253690
           0.992179863148          -1169.339998802515          -1169.171544125322
           0.994134897361          -1169.339595846156          -1169.171146746869
           0.996089931574          -1169.339192601534          -1169.170749095230
           0.998044965787          -1169.338789044274          -1169.170351147308
           1.000000000000          -1169.338385150000          -1169.169952880000
