          -1.000000000000          -1168.655713560000          -1168.448290790000
          -0.998044965787          -1168.664523889785          -1168.457121501120
          -0.996089931574          -1168.673404365043          -1168.466022359059
          -0.994134897361          -1168.682349912390          -1168.474988290335
          -0.992179863148          -1168.691355458441          -1168.484014221464
          -0.990224828935          -1168.700415929811          -1168.493095078966
          -0.988269794721          -1168.709526253116          -1168.502225789358
          -0.986314760508          -1168.718681354970          -1168.511401279159
          -0.984359726295          -1168.727876161989          -1168.520616474885
          -0.982404692082          -1168.737105600788          -1168.529866303055
          -0.980449657869          -1168.746364597981          -1168.539145690186
          -0.978494623656          -1168.755648080184          -1168.548449562797
          -0.976539589443          -1168.764950974013          -1168.557772847406
          -0.974584555230          -1168.774268206083          -1168.567110470530
          -0.972629521017          -1168.783594703008          -1168.576457358687
          -0.970674486804          -1168.792925391403          -1168.585808438396
          -0.968719452590          -1168.802255197885          -1168.595158636173
          -0.966764418377          -1168.811579049068          -1168.604502878537
          -0.964809384164          -1168.820891871566          -1168.613836092006
          -0.962854349951          -1168.830188591997          -1168.623153203097
          -0.960899315738          -1168.839464136973          -1168.632449138330
          -0.958944281525          -1168.848713433112          -1168.641718824220
          -0.956989247312          -1168.857931407027          -1168.650957187287
          -0.955034213099          -1168.867112985334          -1168.660159154048
          -0.953079178886          -1168.876253094649          -1168.669319651021
          -0.951124144673          -1168.885346661586          -1168.678433604724
          -0.949169110459          -1168.894388612760          -1168.687495941675
          -0.947214076246          -1168.903373874787          -1168.696501588392
          -0.945259042033          -1168.912297374281          -1168.705445471392
          -0.943304007820          -1168.921154037859          -1168.714322517194
          -0.941348973607          -1168.929938792135          -1168.723127652315
          -0.939393939394          -1168.938646563724          -1168.731855803273
          -0.937438905181          -1168.947272279241          -1168.740501896586
          -0.935483870968          -1168.955810865302          -1168.749060858773
          -0.933528836755          -1168.964257248522          -1168.757527616350
          -0.931573802542          -1168.972606355515          -1168.765897095836
          -0.929618768328          -1168.980853112898          -1168.774164223749
          -0.927663734115          -1168.988992447284          -1168.782323926606
          -0.925708699902          -1168.997019285291          -1168.790371130926
          -0.923753665689          -1169.004928553531          -1168.798300763226
          -0.921798631476          -1169.012715178622          -1168.806107750024
          -0.919843597263          -1169.020374087177          -1168.813787017839
          -0.917888563050          -1169.027900205812          -1168.821333493187
          -0.915933528837          -1169.035288461142          -1168.828742102588
          -0.913978494624          -1169.042533779783          -1168.836007772557
          -0.912023460411          -1169.049631271753          -1168.843125613039
          -0.910068426197          -1169.056579868277          -1168.850094555596
          -0.908113391984          -1169.063382113390          -1168.856917144991
          -0.906158357771          -1169.070040692807          -1168.863596067691
          -0.904203323558          -1169.076558292249          -1168.870134010160
          -0.902248289345          -1169.082937597431          -1168.876533658861
          -0.900293255132          -1169.089181294073          -1168.882797700260
          -0.898338220919          -1169.095292067892          -1168.888928820821
          -0.896383186706          -1169.101272604606          -1168.894929707009
          -0.894428152493          -1169.107125589932          -1168.900803045287
          -0.892473118280          -1169.112853709589          -1168.906551522122
          -0.890518084066          -1169.118459649294          -1168.912177823976
          -0.888563049853          -1169.123946094766          -1168.917684637315
          -0.886608015640          -1169.129315731722          -1168.923074648604
          -0.884652981427          -1169.134571245879          -1168.928350544306
          -0.882697947214          -1169.139715322956          -1168.933515010885
          -0.880742913001          -1169.144750648671          -1168.938570734808
          -0.878787878788          -1169.149679908741          -1168.943520402538
          -0.876832844575          -1169.154505788884          -1168.948366700540
          -0.874877810362          -1169.159230974818          -1168.953112315278
          -0.872922776149          -1169.163858152261          -1168.957759933216
          -0.870967741935          -1169.168390006931          -1168.962312240820
          -0.869012707722          -1169.172829224546          -1168.966771924554
          -0.867057673509          -1169.177178490823          -1168.971141670882
          -0.865102639296          -1169.181440491480          -1168.975424166268
          -0.863147605083          -1169.185617912236          -1168.979622097178
          -0.861192570870          -1169.189713438807          -1168.983738150076
          -0.859237536657          -1169.193729756912          -1168.987775011426
          -0.857282502444          -1169.197669552268          -1168.991735367693
          -0.855327468231          -1169.201535510594          -1168.995621905342
          -0.853372434018          -1169.205330317608          -1168.999437310835
          -0.851417399804          -1169.209056659026          -1169.003184270640
          -0.849462365591          -1169.212717220567          -1169.006865471219
          -0.847507331378          -1169.216314687950          -1169.010483599038
          -0.845552297165          -1169.219851746891          -1169.014041340561
          -0.843597262952          -1169.223331083108          -1169.017541382252
          -0.841642228739          -1169.226755382319          -1169.020986410576
          -0.839687194526          -1169.230127330243          -1169.024379111998
          -0.837732160313          -1169.233449612597          -1169.027722172981
          -0.835777126100          -1169.236724915098          -1169.031018279991
          -0.833822091887          -1169.239955923465          -1169.034270119492
          -0.831867057674          -1169.243145323416          -1169.037480377949
          -0.829912023460          -1169.246295800668          -1169.040651741825
          -0.827956989247          -1169.249410040939          -1169.043786897586
          -0.826001955034          -1169.252490729910          -1169.046888531659
          -0.824046920821          -1169.255540043175          -1169.049958820349
          -0.822091886608          -1169.258558365122          -1169.052998148635
          -0.820136852395          -1169.261545687183          -1169.056006508509
          -0.818181818182          -1169.264502000788          -1169.058983891965
          -0.816226783969          -1169.267427297368          -1169.061930290995
          -0.814271749756          -1169.270321568354          -1169.064845697592
          -0.812316715543          -1169.273184805176          -1169.067730103750
          -0.810361681329          -1169.276016999266          -1169.070583501460
          -0.808406647116          -1169.278818142053          -1169.073405882717
          -0.806451612903          -1169.281588224969          -1169.076197239512
          -0.804496578690          -1169.284327239445          -1169.078957563840
          -0.802541544477          -1169.287035176911          -1169.081686847692
          -0.800586510264          -1169.289712028798          -1169.084385083061
          -0.798631476051          -1169.292357786536          -1169.087052261942
          -0.796676441838          -1169.294972441558          -1169.089688376326
          -0.794721407625          -1169.297555985292          -1169.092293418206
          -0.792766373412          -1169.300108409170          -1169.094867379575
          -0.790811339198          -1169.302629704623          -1169.097410252427
          -0.788856304985          -1169.305119863081          -1169.099922028753
          -0.786901270772          -1169.307578875976          -1169.102402700548
          -0.784946236559          -1169.310006734737          -1169.104852259804
          -0.782991202346          -1169.312403430797          -1169.107270698514
          -0.781036168133          -1169.314768955585          -1169.109658008670
          -0.779081133920          -1169.317103300531          -1169.112014182266
          -0.777126099707          -1169.319406457068          -1169.114339211295
          -0.775171065494          -1169.321678416626          -1169.116633087749
          -0.773216031281          -1169.323919170634          -1169.118895803622
          -0.771260997067          -1169.326128710525          -1169.121127350906
          -0.769305962854          -1169.328307027729          -1169.123327721595
          -0.767350928641          -1169.330454113677          -1169.125496907680
          -0.765395894428          -1169.332569959799          -1169.127634901156
          -0.763440860215          -1169.334654557526          -1169.129741694015
          -0.761485826002          -1169.336707898289          -1169.131817278249
          -0.759530791789          -1169.338729973519          -1169.133861645853
          -0.757575757576          -1169.340720774646          -1169.135874788818
          -0.755620723363          -1169.342680293102          -1169.137856699138
          -0.753665689150          -1169.344608520316          -1169.139807368806
          -0.751710654936          -1169.346505447719          -1169.141726789814
          -0.749755620723          -1169.348371066744          -1169.143614954155
          -0.747800586510          -1169.350205368819          -1169.145471853823
          -0.745845552297          -1169.352008345376          -1169.147297480810
          -0.743890518084          -1169.353779987846          -1169.149091827109
          -0.741935483871          -1169.355520287659          -1169.150854884713
          -0.739980449658          -1169.357229236247          -1169.152586645615
          -0.738025415445          -1169.358906837321          -1169.154287114091
          -0.736070381232          -1169.360553306486          -1169.155956506312
          -0.734115347019          -1169.362169038154          -1169.157595217265
          -0.732160312805          -1169.363754432344          -1169.159203647542
          -0.730205278592          -1169.365309889073          -1169.160782197735
          -0.728250244379          -1169.366835808359          -1169.162331268434
          -0.726295210166          -1169.368332590221          -1169.163851260233
          -0.724340175953          -1169.369800634676          -1169.165342573723
          -0.722385141740          -1169.371240341742          -1169.166805609495
          -0.720430107527          -1169.372652111437          -1169.168240768142
          -0.718475073314          -1169.374036343780          -1169.169648450255
          -0.716520039101          -1169.375393438788          -1169.171029056426
          -0.714565004888          -1169.376723796479          -1169.172382987247
          -0.712609970674          -1169.378027816871          -1169.173710643310
          -0.710654936461          -1169.379305899983          -1169.175012425206
          -0.708699902248          -1169.380558445831          -1169.176288733527
          -0.706744868035          -1169.381785854435          -1169.177539968866
          -0.704789833822          -1169.382988525812          -1169.178766531813
          -0.702834799609          -1169.384166859980          -1169.179968822961
          -0.700879765396          -1169.385321256957          -1169.181147242901
          -0.698924731183          -1169.386452116762          -1169.182302192225
          -0.696969696970          -1169.387559839411          -1169.183434071525
          -0.695014662757          -1169.388644824924          -1169.184543281393
          -0.693059628543          -1169.389707473317          -1169.185630222421
          -0.691104594330          -1169.390748184610          -1169.186695295200
          -0.689149560117          -1169.391767358820          -1169.187738900322
          -0.687194525904          -1169.392765395964          -1169.188761438380
          -0.685239491691          -1169.393742696062          -1169.189763309963
          -0.683284457478          -1169.394699659131          -1169.190744915666
          -0.681329423265          -1169.395636685188          -1169.191706656079
          -0.679374389052          -1169.396554174253          -1169.192648931793
          -0.677419354839          -1169.397452526342          -1169.193572143402
          -0.675464320626          -1169.398332141475          -1169.194476691497
          -0.673509286413          -1169.399193419668          -1169.195362976669
          -0.671554252199          -1169.400036760941          -1169.196231399510
          -0.669599217986          -1169.400862565310          -1169.197082360613
          -0.667644183773          -1169.401671232794          -1169.197916260568
          -0.665689149560          -1169.402463163411          -1169.198733499968
          -0.663734115347          -1169.403238757179          -1169.199534479404
          -0.661779081134          -1169.403998414116          -1169.200319599468
          -0.659824046921          -1169.404742534239          -1169.201089260753
          -0.657869012708          -1169.405471517568          -1169.201843863850
          -0.655913978495          -1169.406185764119          -1169.202583809350
          -0.653958944282          -1169.406885673911          -1169.203309497845
          -0.652003910068          -1169.407571646932          -1169.204021329898
          -0.650048875855          -1169.408244023839          -1169.204719646824
          -0.648093841642          -1169.408902962155          -1169.205404607060
          -0.646138807429          -1169.409548584172          -1169.206076333867
          -0.644183773216          -1169.410181012184          -1169.206734950503
          -0.642228739003          -1169.410800368483          -1169.207380580229
          -0.640273704790          -1169.411406775365          -1169.208013346304
          -0.638318670577          -1169.412000355121          -1169.208633371988
          -0.636363636364          -1169.412581230046          -1169.209240780540
          -0.634408602151          -1169.413149522432          -1169.209835695219
          -0.632453567937          -1169.413705354574          -1169.210418239287
          -0.630498533724          -1169.414248848764          -1169.210988536002
          -0.628543499511          -1169.414780127296          -1169.211546708624
          -0.626588465298          -1169.415299312464          -1169.212092880412
          -0.624633431085          -1169.415806526560          -1169.212627174626
          -0.622678396872          -1169.416301891878          -1169.213149714527
          -0.620723362659          -1169.416785530713          -1169.213660623372
          -0.618768328446          -1169.417257565356          -1169.214160024423
          -0.616813294233          -1169.417718118101          -1169.214648040939
          -0.614858260020          -1169.418167311243          -1169.215124796179
          -0.612903225806          -1169.418605267074          -1169.215590413403
          -0.610948191593          -1169.419032107888          -1169.216045015871
          -0.608993157380          -1169.419447955978          -1169.216488726843
          -0.607038123167          -1169.419852933637          -1169.216921669577
          -0.605083088954          -1169.420247163160          -1169.217343967334
          -0.603128054741          -1169.420630766838          -1169.217755743373
          -0.601173020528          -1169.421003866966          -1169.218157120954
          -0.599217986315          -1169.421366585838          -1169.218548223337
          -0.597262952102          -1169.421719045746          -1169.218929173781
          -0.595307917889          -1169.422061368985          -1169.219300095546
          -0.593352883675          -1169.422393677846          -1169.219661111891
          -0.591397849462          -1169.422716094625          -1169.220012346076
          -0.589442815249          -1169.423028741614          -1169.220353921361
          -0.587487781036          -1169.423331741106          -1169.220685961006
          -0.585532746823          -1169.423625215396          -1169.221008588270
          -0.583577712610          -1169.423909286776          -1169.221321926412
          -0.581622678397          -1169.424184077539          -1169.221626098693
          -0.579667644184          -1169.424449709981          -1169.221921228372
          -0.577712609971          -1169.424706306393          -1169.222207438709
          -0.575757575758          -1169.424953989069          -1169.222484852962
          -0.573802541544          -1169.425192880303          -1169.222753594393
          -0.571847507331          -1169.425423102387          -1169.223013786260
          -0.569892473118          -1169.425644777616          -1169.223265551824
          -0.567937438905          -1169.425858028283          -1169.223509014343
          -0.565982404692          -1169.426062976681          -1169.223744297078
          -0.564027370479          -1169.426259744348          -1169.223971522559
          -0.562072336266          -1169.426448441884          -1169.224190802753
          -0.560117302053          -1169.426629171655          -1169.224402241681
          -0.558162267840          -1169.426802035827          -1169.224605943167
          -0.556207233627          -1169.426967136565          -1169.224802011035
          -0.554252199413          -1169.427124576035          -1169.224990549111
          -0.552297165200          -1169.427274456401          -1169.225171661217
          -0.550342130987          -1169.427416879829          -1169.225345451181
          -0.548387096774          -1169.427551948485          -1169.225512022825
          -0.546432062561          -1169.427679764534          -1169.225671479974
          -0.544477028348          -1169.427800430140          -1169.225823926454
          -0.542521994135          -1169.427914047470          -1169.225969466088
          -0.540566959922          -1169.428020718689          -1169.226108202702
          -0.538611925709          -1169.428120545962          -1169.226240240119
          -0.536656891496          -1169.428213631453          -1169.226365682165
          -0.534701857283          -1169.428300077330          -1169.226484632664
          -0.532746823069          -1169.428379985756          -1169.226597195441
          -0.530791788856          -1169.428453458898          -1169.226703474320
          -0.528836754643          -1169.428520598920          -1169.226803573126
          -0.526881720430          -1169.428581507988          -1169.226897595683
          -0.524926686217          -1169.428636288267          -1169.226985645817
          -0.522971652004          -1169.428685041923          -1169.227067827351
          -0.521016617791          -1169.428727871120          -1169.227144244110
          -0.519061583578          -1169.428764878025          -1169.227214999919
          -0.517106549365          -1169.428796164802          -1169.227280198603
          -0.515151515152          -1169.428821833617          -1169.227339943986
          -0.513196480938          -1169.428841986635          -1169.227394339892
          -0.511241446725          -1169.428856726021          -1169.227443490147
          -0.509286412512          -1169.428866153941          -1169.227487498575
          -0.507331378299          -1169.428870372561          -1169.227526469000
          -0.505376344086          -1169.428869484044          -1169.227560505247
          -0.503421309873          -1169.428863590557          -1169.227589711141
          -0.501466275660          -1169.428852794265          -1169.227614190506
          -0.499511241447          -1169.428837197333          -1169.227634047167
          -0.497556207234          -1169.428816901928          -1169.227649384949
          -0.495601173021          -1169.428792010212          -1169.227660307675
          -0.493646138807          -1169.428762624354          -1169.227666919172
          -0.491691104594          -1169.428728846516          -1169.227669323262
          -0.489736070381          -1169.428690778866          -1169.227667623772
          -0.487781036168          -1169.428648523568          -1169.227661924525
          -0.485826001955          -1169.428602182787          -1169.227652329346
          -0.483870967742          -1169.428551858689          -1169.227638942060
          -0.481915933529          -1169.428497653439          -1169.227621866491
          -0.479960899316          -1169.428439669203          -1169.227601206464
          -0.478005865103          -1169.428378008128          -1169.227577065785
          -0.476050830890          -1169.428312760639          -1169.227549536439
          -0.474095796676          -1169.428243985296          -1169.227518678264
          -0.472140762463          -1169.428171735291          -1169.227484545688
          -0.470185728250          -1169.428096063815          -1169.227447193138
          -0.468230694037          -1169.428017024061          -1169.227406675040
          -0.466275659824          -1169.427934669222          -1169.227363045823
          -0.464320625611          -1169.427849052489          -1169.227316359912
          -0.462365591398          -1169.427760227054          -1169.227266671735
          -0.460410557185          -1169.427668246111          -1169.227214035719
          -0.458455522972          -1169.427573162850          -1169.227158506290
          -0.456500488759          -1169.427475030465          -1169.227100137877
          -0.454545454545          -1169.427373902148          -1169.227038984906
          -0.452590420332          -1169.427269831090          -1169.226975101804
          -0.450635386119          -1169.427162870484          -1169.226908542998
          -0.448680351906          -1169.427053073523          -1169.226839362914
          -0.446725317693          -1169.426940493398          -1169.226767615981
          -0.444770283480          -1169.426825183301          -1169.226693356625
          -0.442815249267          -1169.426707196426          -1169.226616639274
          -0.440860215054          -1169.426586585964          -1169.226537518353
          -0.438905180841          -1169.426463405107          -1169.226456048291
          -0.436950146628          -1169.426337707048          -1169.226372283514
          -0.434995112414          -1169.426209544979          -1169.226286278449
          -0.433040078201          -1169.426078972092          -1169.226198087523
          -0.431085043988          -1169.425946041580          -1169.226107765164
          -0.429130009775          -1169.425810806634          -1169.226015365798
          -0.427174975562          -1169.425673320447          -1169.225920943853
          -0.425219941349          -1169.425533636210          -1169.225824553755
          -0.423264907136          -1169.425391807117          -1169.225726249932
          -0.421309872923          -1169.425247886360          -1169.225626086810
          -0.419354838710          -1169.425101927130          -1169.225524118816
          -0.417399804497          -1169.424953982621          -1169.225420400378
          -0.415444770283          -1169.424804106023          -1169.225314985923
          -0.413489736070          -1169.424652350530          -1169.225207929878
          -0.411534701857          -1169.424498769334          -1169.225099286669
          -0.409579667644          -1169.424343415626          -1169.224989110723
          -0.407624633431          -1169.424186342600          -1169.224877456469
          -0.405669599218          -1169.424027603447          -1169.224764378332
          -0.403714565005          -1169.423867251360          -1169.224649930740
          -0.401759530792          -1169.423705339531          -1169.224534168120
          -0.399804496579          -1169.423541921151          -1169.224417144899
          -0.397849462366          -1169.423377049414          -1169.224298915503
          -0.395894428152          -1169.423210777511          -1169.224179534360
          -0.393939393939          -1169.423043158635          -1169.224059055898
          -0.391984359726          -1169.422874245979          -1169.223937534542
          -0.390029325513          -1169.422704091844          -1169.223815023785
          -0.388074291300          -1169.422532737639          -1169.223691565644
          -0.386119257087          -1169.422360217455          -1169.223567194438
          -0.384164222874          -1169.422186565254          -1169.223441944343
          -0.382209188661          -1169.422011814993          -1169.223315849538
          -0.380254154448          -1169.421836000632          -1169.223188944198
          -0.378299120235          -1169.421659156130          -1169.223061262501
          -0.376344086022          -1169.421481315446          -1169.222932838624
          -0.374389051808          -1169.421302512539          -1169.222803706744
          -0.372434017595          -1169.421122781368          -1169.222673901037
          -0.370478983382          -1169.420942155891          -1169.222543455680
          -0.368523949169          -1169.420760670070          -1169.222412404851
          -0.366568914956          -1169.420578357861          -1169.222280782727
          -0.364613880743          -1169.420395253224          -1169.222148623483
          -0.362658846530          -1169.420211390120          -1169.222015961298
          -0.360703812317          -1169.420026802505          -1169.221882830348
          -0.358748778104          -1169.419841524340          -1169.221749264810
          -0.356793743891          -1169.419655589584          -1169.221615298861
          -0.354838709677          -1169.419469032195          -1169.221480966679
          -0.352883675464          -1169.419281886134          -1169.221346302439
          -0.350928641251          -1169.419094185357          -1169.221211340319
          -0.348973607038          -1169.418905963826          -1169.221076114496
          -0.347018572825          -1169.418717255499          -1169.220940659147
          -0.345063538612          -1169.418528094335          -1169.220805008448
          -0.343108504399          -1169.418338514292          -1169.220669196577
          -0.341153470186          -1169.418148549331          -1169.220533257711
          -0.339198435973          -1169.417958233410          -1169.220397226026
          -0.337243401760          -1169.417767600489          -1169.220261135700
          -0.335288367546          -1169.417576684526          -1169.220125020909
          -0.333333333333          -1169.417385519480          -1169.219988915831
          -0.331378299120          -1169.417194139311          -1169.219852854641
          -0.329423264907          -1169.417002577977          -1169.219716871518
          -0.327468230694          -1169.416810869438          -1169.219581000638
          -0.325513196481          -1169.416619047653          -1169.219445276178
          -0.323558162268          -1169.416427146580          -1169.219309732315
          -0.321603128055          -1169.416235200179          -1169.219174403226
          -0.319648093842          -1169.416043242410          -1169.219039323088
          -0.317693059629          -1169.415851307230          -1169.218904526078
          -0.315738025415          -1169.415659428599          -1169.218770046373
          -0.313782991202          -1169.415467640476          -1169.218635918149
          -0.311827956989          -1169.415275976821          -1169.218502175584
          -0.309872922776          -1169.415084471591          -1169.218368852855
          -0.307917888563          -1169.414893158747          -1169.218235984138
          -0.305962854350          -1169.414702072248          -1169.218103603611
          -0.304007820137          -1169.414511246038          -1169.217971745435
          -0.302052785924          -1169.414320709948          -1169.217840439333
          -0.300097751711          -1169.414130483930          -1169.217709704366
          -0.298142717498          -1169.413940586479          -1169.217579558027
          -0.296187683284          -1169.413751036094          -1169.217450017812
          -0.294232649071          -1169.413561851276          -1169.217321101213
          -0.292277614858          -1169.413373050519          -1169.217192825726
          -0.290322580645          -1169.413184652324          -1169.217065208843
          -0.288367546432          -1169.412996675188          -1169.216938268060
          -0.286412512219          -1169.412809137609          -1169.216812020871
          -0.284457478006          -1169.412622058086          -1169.216686484770
          -0.282502443793          -1169.412435455115          -1169.216561677250
          -0.280547409580          -1169.412249347197          -1169.216437615807
          -0.278592375367          -1169.412063752829          -1169.216314317933
          -0.276637341153          -1169.411878690509          -1169.216191801124
          -0.274682306940          -1169.411694178734          -1169.216070082873
          -0.272727272727          -1169.411510236004          -1169.215949180674
          -0.270772238514          -1169.411326880816          -1169.215829112022
          -0.268817204301          -1169.411144131668          -1169.215709894411
          -0.266862170088          -1169.410962007059          -1169.215591545335
          -0.264907135875          -1169.410780525487          -1169.215474082287
          -0.262952101662          -1169.410599705449          -1169.215357522763
          -0.260997067449          -1169.410419565444          -1169.215241884256
          -0.259042033236          -1169.410240123971          -1169.215127184260
          -0.257086999022          -1169.410061399526          -1169.215013440270
          -0.255131964809          -1169.409883410609          -1169.214900669780
          -0.253176930596          -1169.409706175717          -1169.214788890283
          -0.251221896383          -1169.409529713349          -1169.214678119275
          -0.249266862170          -1169.409354042002          -1169.214568374248
          -0.247311827957          -1169.409179180175          -1169.214459672698
          -0.245356793744          -1169.409005146366          -1169.214352032118
          -0.243401759531          -1169.408831959073          -1169.214245470002
          -0.241446725318          -1169.408659636794          -1169.214140003845
          -0.239491691105          -1169.408488198028          -1169.214035651140
          -0.237536656891          -1169.408317661272          -1169.213932429383
          -0.235581622678          -1169.408148045025          -1169.213830356066
          -0.233626588465          -1169.407979367784          -1169.213729448685
          -0.231671554252          -1169.407811648048          -1169.213629724733
          -0.229716520039          -1169.407644904315          -1169.213531201704
          -0.227761485826          -1169.407479155083          -1169.213433897092
          -0.225806451613          -1169.407314418850          -1169.213337828392
          -0.223851417400          -1169.407150714114          -1169.213243013098
          -0.221896383187          -1169.406988059374          -1169.213149468704
          -0.219941348974          -1169.406826473127          -1169.213057212704
          -0.217986314761          -1169.406665973872          -1169.212966262592
          -0.216031280547          -1169.406506579562          -1169.212876635247
          -0.214076246334          -1169.406348302437          -1169.212788341093
          -0.212121212121          -1169.406191151327          -1169.212701386702
          -0.210166177908          -1169.406035135014          -1169.212615778591
          -0.208211143695          -1169.405880262281          -1169.212531523281
          -0.206256109482          -1169.405726541911          -1169.212448627289
          -0.204301075269          -1169.405573982688          -1169.212367097136
          -0.202346041056          -1169.405422593394          -1169.212286939339
          -0.200391006843          -1169.405272382813          -1169.212208160417
          -0.198435972630          -1169.405123359727          -1169.212130766890
          -0.196480938416          -1169.404975532919          -1169.212054765277
          -0.194525904203          -1169.404828911174          -1169.211980162096
          -0.192570869990          -1169.404683503273          -1169.211906963866
          -0.190615835777          -1169.404539317999          -1169.211835177107
          -0.188660801564          -1169.404396364136          -1169.211764808337
          -0.186705767351          -1169.404254650468          -1169.211695864075
          -0.184750733138          -1169.404114185776          -1169.211628350840
          -0.182795698925          -1169.403974978844          -1169.211562275151
          -0.180840664712          -1169.403837038454          -1169.211497643526
          -0.178885630499          -1169.403700373392          -1169.211434462486
          -0.176930596285          -1169.403564992437          -1169.211372738548
          -0.174975562072          -1169.403430904375          -1169.211312478232
          -0.173020527859          -1169.403298117989          -1169.211253688057
          -0.171065493646          -1169.403166642060          -1169.211196374541
          -0.169110459433          -1169.403036485373          -1169.211140544203
          -0.167155425220          -1169.402907656710          -1169.211086203563
          -0.165200391007          -1169.402780164854          -1169.211033359139
          -0.163245356794          -1169.402654018589          -1169.210982017450
          -0.161290322581          -1169.402529226697          -1169.210932185015
          -0.159335288368          -1169.402405797962          -1169.210883868353
          -0.157380254154          -1169.402283741166          -1169.210837073984
          -0.155425219941          -1169.402163065093          -1169.210791808425
          -0.153470185728          -1169.402043778526          -1169.210748078196
          -0.151515151515          -1169.401925890247          -1169.210705889815
          -0.149560117302          -1169.401809409040          -1169.210665249803
          -0.147605083089          -1169.401694343688          -1169.210626164676
          -0.145650048876          -1169.401580702973          -1169.210588640955
          -0.143695014663          -1169.401468495680          -1169.210552685159
          -0.141739980450          -1169.401357730591          -1169.210518303806
          -0.139784946237          -1169.401248416488          -1169.210485503415
          -0.137829912023          -1169.401140562156          -1169.210454290505
          -0.135874877810          -1169.401034176376          -1169.210424671596
          -0.133919843597          -1169.400929267933          -1169.210396653205
          -0.131964809384          -1169.400825845609          -1169.210370241853
          -0.130009775171          -1169.400723918175          -1169.210345444043
          -0.128054740958          -1169.400623492262          -1169.210322264062
          -0.126099706745          -1169.400524569953          -1169.210300701469
          -0.124144672532          -1169.400427152752          -1169.210280755222
          -0.122189638319          -1169.400331242162          -1169.210262424278
          -0.120234604106          -1169.400236839686          -1169.210245707594
          -0.118279569892          -1169.400143946827          -1169.210230604127
          -0.116324535679          -1169.400052565087          -1169.210217112836
          -0.114369501466          -1169.399962695971          -1169.210205232677
          -0.112414467253          -1169.399874340981          -1169.210194962607
          -0.110459433040          -1169.399787501620          -1169.210186301584
          -0.108504398827          -1169.399702179390          -1169.210179248565
          -0.106549364614          -1169.399618375796          -1169.210173802508
          -0.104594330401          -1169.399536092340          -1169.210169962369
          -0.102639296188          -1169.399455330524          -1169.210167727107
          -0.100684261975          -1169.399376091853          -1169.210167095677
          -0.098729227761          -1169.399298377829          -1169.210168067039
          -0.096774193548          -1169.399222189954          -1169.210170640148
          -0.094819159335          -1169.399147529733          -1169.210174813963
          -0.092864125122          -1169.399074398668          -1169.210180587440
          -0.090909090909          -1169.399002798262          -1169.210187959537
          -0.088954056696          -1169.398932730018          -1169.210196929211
          -0.086999022483          -1169.398864195439          -1169.210207495420
          -0.085043988270          -1169.398797196028          -1169.210219657121
          -0.083088954057          -1169.398731733288          -1169.210233413270
          -0.081133919844          -1169.398667808723          -1169.210248762826
          -0.079178885630          -1169.398605423835          -1169.210265704746
          -0.077223851417          -1169.398544580126          -1169.210284237986
          -0.075268817204          -1169.398485279101          -1169.210304361505
          -0.073313782991          -1169.398427522262          -1169.210326074259
          -0.071358748778          -1169.398371311112          -1169.210349375206
          -0.069403714565          -1169.398316647154          -1169.210374263304
          -0.067448680352          -1169.398263531892          -1169.210400737508
          -0.065493646139          -1169.398211966828          -1169.210428796778
          -0.063538611926          -1169.398161953465          -1169.210458440070
          -0.061583577713          -1169.398113493306          -1169.210489666341
          -0.059628543500          -1169.398066587854          -1169.210522474549
          -0.057673509286          -1169.398021238613          -1169.210556863651
          -0.055718475073          -1169.397977447085          -1169.210592832604
          -0.053763440860          -1169.397935214773          -1169.210630380366
          -0.051808406647          -1169.397894543180          -1169.210669505893
          -0.049853372434          -1169.397855433810          -1169.210710208144
          -0.047898338221          -1169.397817888165          -1169.210752486076
          -0.045943304008          -1169.397781907748          -1169.210796338645
          -0.043988269795          -1169.397747494063          -1169.210841764809
          -0.042033235582          -1169.397714648216          -1169.210888763119
          -0.040078201369          -1169.397683367738          -1169.210937328457
          -0.038123167155          -1169.397653648261          -1169.210987453755
          -0.036168132942          -1169.397625485402          -1169.211039131929
          -0.034213098729          -1169.397598874775          -1169.211092355894
          -0.032258064516          -1169.397573811995          -1169.211147118568
          -0.030303030303          -1169.397550292678          -1169.211203412864
          -0.028347996090          -1169.397528312440          -1169.211261231698
          -0.026392961877          -1169.397507866896          -1169.211320567988
          -0.024437927664          -1169.397488951660          -1169.211381414646
          -0.022482893451          -1169.397471562349          -1169.211443764591
          -0.020527859238          -1169.397455694578          -1169.211507610736
          -0.018572825024          -1169.397441343961          -1169.211572945998
          -0.016617790811          -1169.397428506114          -1169.211639763292
          -0.014662756598          -1169.397417176653          -1169.211708055534
          -0.012707722385          -1169.397407351194          -1169.211777815640
          -0.010752688172          -1169.397399025350          -1169.211849036524
          -0.008797653959          -1169.397392194738          -1169.211921711104
          -0.006842619746          -1169.397386854973          -1169.211995832294
          -0.004887585533          -1169.397383001670          -1169.212071393009
          -0.002932551320          -1169.397380630445          -1169.212148386167
          -0.000977517107          -1169.397379736912          -1169.212226804681
           0.000977517107          -1169.397380316688          -1169.212306641468
           0.002932551320          -1169.397382365388          -1169.212387889444
           0.004887585533          -1169.397385878626          -1169.212470541524
           0.006842619746          -1169.397390852018          -1169.212554590623
           0.008797653959          -1169.397397281180          -1169.212640029657
           0.010752688172          -1169.397405161727          -1169.212726851542
           0.012707722385          -1169.397414489274          -1169.212815049194
           0.014662756598          -1169.397425259436          -1169.212904615528
           0.016617790811          -1169.397437467830          -1169.212995543460
           0.018572825024          -1169.397451110069          -1169.213087825904
           0.020527859238          -1169.397466181771          -1169.213181455778
           0.022482893451          -1169.397482678548          -1169.213276425996
           0.024437927664          -1169.397500596018          -1169.213372729475
           0.026392961877          -1169.397519929796          -1169.213470359129
           0.028347996090          -1169.397540675496          -1169.213569307874
           0.030303030303          -1169.397562828734          -1169.213669568627
           0.032258064516          -1169.397586385126          -1169.213771134301
           0.034213098729          -1169.397611340286          -1169.213873997815
           0.036168132942          -1169.397637689831          -1169.213978152082
           0.038123167155          -1169.397665429376          -1169.214083590018
           0.040078201369          -1169.397694554535          -1169.214190304539
           0.042033235582          -1169.397725060923          -1169.214298288561
           0.043988269795          -1169.397756944142          -1169.214407534986
           0.045943304008          -1169.397790198107          -1169.214518035225
           0.047898338221          -1169.397824813556          -1169.214629777881
           0.049853372434          -1169.397860780880          -1169.214742751248
           0.051808406647          -1169.397898090468          -1169.214856943616
           0.053763440860          -1169.397936732709          -1169.214972343280
           0.055718475073          -1169.397976697991          -1169.215088938531
           0.057673509286          -1169.398017976703          -1169.215206717662
           0.059628543500          -1169.398060559235          -1169.215325668964
           0.061583577713          -1169.398104435975          -1169.215445780731
           0.063538611926          -1169.398149597313          -1169.215567041256
           0.065493646139          -1169.398196033637          -1169.215689438829
           0.067448680352          -1169.398243735336          -1169.215812961744
           0.069403714565          -1169.398292692800          -1169.215937598293
           0.071358748778          -1169.398342896417          -1169.216063336769
           0.073313782991          -1169.398394336576          -1169.216190165464
           0.075268817204          -1169.398447003666          -1169.216318072670
           0.077223851417          -1169.398500888077          -1169.216447046680
           0.079178885630          -1169.398555980197          -1169.216577075786
           0.081133919844          -1169.398612270415          -1169.216708148281
           0.083088954057          -1169.398669749120          -1169.216840252456
           0.085043988270          -1169.398728406702          -1169.216973376606
           0.086999022483          -1169.398788233548          -1169.217107509021
           0.088954056696          -1169.398849220049          -1169.217242637994
           0.090909090909          -1169.398911356592          -1169.217378751818
           0.092864125122          -1169.398974633567          -1169.217515838785
           0.094819159335          -1169.399039041363          -1169.217653887188
           0.096774193548          -1169.399104570370          -1169.217792885318
           0.098729227761          -1169.399171210975          -1169.217932821469
           0.100684261975          -1169.399238953568          -1169.218073683932
           0.102639296188          -1169.399307788538          -1169.218215461001
           0.104594330401          -1169.399377706274          -1169.218358140967
           0.106549364614          -1169.399448697164          -1169.218501712123
           0.108504398827          -1169.399520751599          -1169.218646162762
           0.110459433040          -1169.399593859966          -1169.218791481175
           0.112414467253          -1169.399668012655          -1169.218937655656
           0.114369501466          -1169.399743200054          -1169.219084674496
           0.116324535679          -1169.399819412553          -1169.219232525988
           0.118279569892          -1169.399896640541          -1169.219381198425
           0.120234604106          -1169.399974874406          -1169.219530680099
           0.122189638319          -1169.400054104538          -1169.219680959301
           0.124144672532          -1169.400134321326          -1169.219832024326
           0.126099706745          -1169.400215515157          -1169.219983863464
           0.128054740958          -1169.400297676423          -1169.220136465009
           0.130009775171          -1169.400380795511          -1169.220289817253
           0.131964809384          -1169.400464862456          -1169.220443908215
           0.133919843597          -1169.400549864522          -1169.220598723767
           0.135874877810          -1169.400635787669          -1169.220754248776
           0.137829912023          -1169.400722617848          -1169.220910468101
           0.139784946237          -1169.400810341012          -1169.221067366602
           0.141739980450          -1169.400898943114          -1169.221224929136
           0.143695014663          -1169.400988410104          -1169.221383140565
           0.145650048876          -1169.401078727936          -1169.221541985747
           0.147605083089          -1169.401169882560          -1169.221701449541
           0.149560117302          -1169.401261859931          -1169.221861516807
           0.151515151515          -1169.401354645998          -1169.222022172404
           0.153470185728          -1169.401448226715          -1169.222183401190
           0.155425219941          -1169.401542588034          -1169.222345188027
           0.157380254154          -1169.401637715906          -1169.222507517772
           0.159335288368          -1169.401733596284          -1169.222670375286
           0.161290322581          -1169.401830215121          -1169.222833745426
           0.163245356794          -1169.401927558367          -1169.222997613054
           0.165200391007          -1169.402025611975          -1169.223161963028
           0.167155425220          -1169.402124361898          -1169.223326780206
           0.169110459433          -1169.402223794086          -1169.223492049450
           0.171065493646          -1169.402323894494          -1169.223657755617
           0.173020527859          -1169.402424649072          -1169.223823883567
           0.174975562072          -1169.402526043772          -1169.223990418160
           0.176930596285          -1169.402628064547          -1169.224157344255
           0.178885630499          -1169.402730697349          -1169.224324646710
           0.180840664712          -1169.402833928130          -1169.224492310386
           0.182795698925          -1169.402937742842          -1169.224660320142
           0.184750733138          -1169.403042127437          -1169.224828660836
           0.186705767351          -1169.403147067867          -1169.224997317329
           0.188660801564          -1169.403252550085          -1169.225166274479
           0.190615835777          -1169.403358560041          -1169.225335517146
           0.192570869990          -1169.403465083690          -1169.225505030189
           0.194525904203          -1169.403572106981          -1169.225674798467
           0.196480938416          -1169.403679615869          -1169.225844806840
           0.198435972630          -1169.403787596304          -1169.226015040167
           0.200391006843          -1169.403896034239          -1169.226185483307
           0.202346041056          -1169.404004915627          -1169.226356121119
           0.204301075269          -1169.404114226418          -1169.226526938464
           0.206256109482          -1169.404223952565          -1169.226697920200
           0.208211143695          -1169.404334080021          -1169.226869051186
           0.210166177908          -1169.404444594737          -1169.227040316281
           0.212121212121          -1169.404555482665          -1169.227211700346
           0.214076246334          -1169.404666729758          -1169.227383188239
           0.216031280547          -1169.404778321968          -1169.227554764819
           0.217986314761          -1169.404890245233          -1169.227726414937
           0.219941348974          -1169.405002484457          -1169.227898122711
           0.221896383187          -1169.405115022818          -1169.228069871041
           0.223851417400          -1169.405227843325          -1169.228241642709
           0.225806451613          -1169.405340928988          -1169.228413420495
           0.227761485826          -1169.405454262818          -1169.228585187182
           0.229716520039          -1169.405567827827          -1169.228756925553
           0.231671554252          -1169.405681607024          -1169.228928618388
           0.233626588465          -1169.405795583420          -1169.229100248469
           0.235581622678          -1169.405909740025          -1169.229271798580
           0.237536656891          -1169.406024059850          -1169.229443251500
           0.239491691105          -1169.406138525906          -1169.229614590013
           0.241446725318          -1169.406253121202          -1169.229785796899
           0.243401759531          -1169.406367828751          -1169.229956854942
           0.245356793744          -1169.406482631561          -1169.230127746922
           0.247311827957          -1169.406597512644          -1169.230298455622
           0.249266862170          -1169.406712455011          -1169.230468963824
           0.251221896383          -1169.406827441670          -1169.230639254309
           0.253176930596          -1169.406942455635          -1169.230809309859
           0.255131964809          -1169.407057479914          -1169.230979113256
           0.257086999022          -1169.407172497518          -1169.231148647282
           0.259042033236          -1169.407287491458          -1169.231317894719
           0.260997067449          -1169.407402444745          -1169.231486838349
           0.262952101662          -1169.407517340389          -1169.231655460953
           0.264907135875          -1169.407632161400          -1169.231823745313
           0.266862170088          -1169.407746890789          -1169.231991674212
           0.268817204301          -1169.407861511567          -1169.232159230431
           0.270772238514          -1169.407976006744          -1169.232326396752
           0.272727272727          -1169.408090359331          -1169.232493155957
           0.274682306940          -1169.408204552338          -1169.232659490828
           0.276637341153          -1169.408318568775          -1169.232825384146
           0.278592375367          -1169.408432391654          -1169.232990818694
           0.280547409580          -1169.408546003984          -1169.233155777252
           0.282502443793          -1169.408659388777          -1169.233320242605
           0.284457478006          -1169.408772529043          -1169.233484197531
           0.286412512219          -1169.408885407792          -1169.233647624815
           0.288367546432          -1169.408998008035          -1169.233810507238
           0.290322580645          -1169.409110312783          -1169.233972827582
           0.292277614858          -1169.409222305045          -1169.234134568628
           0.294232649071          -1169.409333967833          -1169.234295713158
           0.296187683284          -1169.409445284158          -1169.234456243954
           0.298142717498          -1169.409556237029          -1169.234616143799
           0.300097751711          -1169.409666809457          -1169.234775395473
           0.302052785924          -1169.409776984453          -1169.234933981759
           0.304007820137          -1169.409886745027          -1169.235091885439
           0.305962854350          -1169.409996074142          -1169.235249089346
           0.307917888563          -1169.410104954440          -1169.235405576661
           0.309872922776          -1169.410213368427          -1169.235561330712
           0.311827956989          -1169.410321298608          -1169.235716334826
           0.313782991202          -1169.410428727491          -1169.235870572331
           0.315738025415          -1169.410535637581          -1169.236024026553
           0.317693059629          -1169.410642011384          -1169.236176680822
           0.319648093842          -1169.410747831406          -1169.236328518463
           0.321603128055          -1169.410853080154          -1169.236479522805
           0.323558162268          -1169.410957740134          -1169.236629677175
           0.325513196481          -1169.411061793852          -1169.236778964901
           0.327468230694          -1169.411165223814          -1169.236927369310
           0.329423264907          -1169.411268012526          -1169.237074873729
           0.331378299120          -1169.411370142494          -1169.237221461487
           0.333333333333          -1169.411471596225          -1169.237367115910
           0.335288367546          -1169.411572356224          -1169.237511820327
           0.337243401760          -1169.411672404997          -1169.237655558064
           0.339198435973          -1169.411771725052          -1169.237798312449
           0.341153470186          -1169.411870298894          -1169.237940066810
           0.343108504399          -1169.411968109028          -1169.238080804474
           0.345063538612          -1169.412065137961          -1169.238220508769
           0.347018572825          -1169.412161368200          -1169.238359163022
           0.348973607038          -1169.412256782251          -1169.238496750560
           0.350928641251          -1169.412351362619          -1169.238633254712
           0.352883675464          -1169.412445091810          -1169.238768658804
           0.354838709677          -1169.412537952332          -1169.238902946165
           0.356793743891          -1169.412629926689          -1169.239036100121
           0.358748778104          -1169.412720997389          -1169.239168104001
           0.360703812317          -1169.412811146937          -1169.239298941131
           0.362658846530          -1169.412900357839          -1169.239428594840
           0.364613880743          -1169.412988612602          -1169.239557048454
           0.366568914956          -1169.413075893731          -1169.239684285301
           0.368523949169          -1169.413162183733          -1169.239810288709
           0.370478983382          -1169.413247465113          -1169.239935042006
           0.372434017595          -1169.413331720379          -1169.240058528518
           0.374389051808          -1169.413414932036          -1169.240180731573
           0.376344086022          -1169.413497082590          -1169.240301634499
           0.378299120235          -1169.413578154548          -1169.240421220623
           0.380254154448          -1169.413658130415          -1169.240539473273
           0.382209188661          -1169.413736992698          -1169.240656375776
           0.384164222874          -1169.413814723902          -1169.240771911460
           0.386119257087          -1169.413891306535          -1169.240886063653
           0.388074291300          -1169.413966723101          -1169.240998815681
           0.390029325513          -1169.414040956108          -1169.241110150872
           0.391984359726          -1169.414113988073          -1169.241220052566
           0.393939393939          -1169.414185802167          -1169.241328504760
           0.395894428152          -1169.414256382531          -1169.241435492429
           0.397849462366          -1169.414325713389          -1169.241541000631
           0.399804496579          -1169.414393778961          -1169.241645014421
           0.401759530792          -1169.414460563468          -1169.241747518854
           0.403714565005          -1169.414526051133          -1169.241848498987
           0.405669599218          -1169.414590226177          -1169.241947939876
           0.407624633431          -1169.414653072821          -1169.242045826577
           0.409579667644          -1169.414714575288          -1169.242142144147
           0.411534701857          -1169.414774717798          -1169.242236877640
           0.413489736070          -1169.414833484574          -1169.242330012113
           0.415444770283          -1169.414890859837          -1169.242421532623
           0.417399804497          -1169.414946827808          -1169.242511424224
           0.419354838710          -1169.415001372710          -1169.242599671974
           0.421309872923          -1169.415054478763          -1169.242686260928
           0.423264907136          -1169.415106130190          -1169.242771176142
           0.425219941349          -1169.415156311211          -1169.242854402672
           0.427174975562          -1169.415205006049          -1169.242935925575
           0.429130009775          -1169.415252198925          -1169.243015729906
           0.431085043988          -1169.415297874061          -1169.243093800721
           0.433040078201          -1169.415342015679          -1169.243170123077
           0.434995112414          -1169.415384607999          -1169.243244682029
           0.436950146628          -1169.415425635244          -1169.243317462633
           0.438905180841          -1169.415465081635          -1169.243388449946
           0.440860215054          -1169.415502931393          -1169.243457629023
           0.442815249267          -1169.415539168741          -1169.243524984921
           0.444770283480          -1169.415573777900          -1169.243590502695
           0.446725317693          -1169.415606743091          -1169.243654167402
           0.448680351906          -1169.415638048537          -1169.243715964097
           0.450635386119          -1169.415667678458          -1169.243775877837
           0.452590420332          -1169.415695617076          -1169.243833893677
           0.454545454545          -1169.415721848613          -1169.243889996675
           0.456500488759          -1169.415746357291          -1169.243944171885
           0.458455522972          -1169.415769127331          -1169.243996404363
           0.460410557185          -1169.415790142954          -1169.244046679166
           0.462365591398          -1169.415809388383          -1169.244094981350
           0.464320625611          -1169.415826847839          -1169.244141295971
           0.466275659824          -1169.415842505543          -1169.244185608085
           0.468230694037          -1169.415856345717          -1169.244227902747
           0.470185728250          -1169.415868352582          -1169.244268165014
           0.472140762463          -1169.415878510361          -1169.244306379942
           0.474095796676          -1169.415886803275          -1169.244342532588
           0.476050830890          -1169.415893215545          -1169.244376608005
           0.478005865103          -1169.415897731393          -1169.244408591252
           0.479960899316          -1169.415900335648          -1169.244438468018
           0.481915933529          -1169.415901016738          -1169.244466227751
           0.483870967742          -1169.415899764421          -1169.244491861288
           0.485826001955          -1169.415896568453          -1169.244515359463
           0.487781036168          -1169.415891418591          -1169.244536713113
           0.489736070381          -1169.415884304592          -1169.244555913073
           0.491691104594          -1169.415875216215          -1169.244572950179
           0.493646138807          -1169.415864143216          -1169.244587815268
           0.495601173021          -1169.415851075352          -1169.244600499174
           0.497556207234          -1169.415836002381          -1169.244610992735
           0.499511241447          -1169.415818914061          -1169.244619286786
           0.501466275660          -1169.415799800148          -1169.244625372163
           0.503421309873          -1169.415778650399          -1169.244629239702
           0.505376344086          -1169.415755454572          -1169.244630880239
           0.507331378299          -1169.415730202425          -1169.244630284610
           0.509286412512          -1169.415702883714          -1169.244627443651
           0.511241446725          -1169.415673488197          -1169.244622348197
           0.513196480938          -1169.415642005632          -1169.244614989085
           0.515151515152          -1169.415608425775          -1169.244605357150
           0.517106549365          -1169.415572738383          -1169.244593443230
           0.519061583578          -1169.415534933214          -1169.244579238158
           0.521016617791          -1169.415495000026          -1169.244562732772
           0.522971652004          -1169.415452928575          -1169.244543917908
           0.524926686217          -1169.415408708619          -1169.244522784400
           0.526881720430          -1169.415362329916          -1169.244499323086
           0.528836754643          -1169.415313782222          -1169.244473524801
           0.530791788856          -1169.415263055294          -1169.244445380381
           0.532746823069          -1169.415210138891          -1169.244414880663
           0.534701857283          -1169.415155022769          -1169.244382016481
           0.536656891496          -1169.415097696686          -1169.244346778672
           0.538611925709          -1169.415038150399          -1169.244309158072
           0.540566959922          -1169.414976373665          -1169.244269145517
           0.542521994135          -1169.414912356241          -1169.244226731843
           0.544477028348          -1169.414846087885          -1169.244181907885
           0.546432062561          -1169.414777558354          -1169.244134664480
           0.548387096774          -1169.414706757406          -1169.244084992463
           0.550342130987          -1169.414633674797          -1169.244032882671
           0.552297165200          -1169.414558300286          -1169.243978325940
           0.554252199413          -1169.414480623629          -1169.243921313104
           0.556207233627          -1169.414400634583          -1169.243861835002
           0.558162267840          -1169.414318322906          -1169.243799882467
           0.560117302053          -1169.414233678355          -1169.243735446336
           0.562072336266          -1169.414146690687          -1169.243668517446
           0.564027370479          -1169.414057349661          -1169.243599086632
           0.565982404692          -1169.413965645110          -1169.243527144806
           0.567937438905          -1169.413871570087          -1169.243452686019
           0.569892473118          -1169.413775121911          -1169.243375708487
           0.571847507331          -1169.413676298197          -1169.243296210714
           0.573802541544          -1169.413575096560          -1169.243214191205
           0.575757575758          -1169.413471514615          -1169.243129648465
           0.577712609971          -1169.413365549979          -1169.243042580998
           0.579667644184          -1169.413257200265          -1169.242952987309
           0.581622678397          -1169.413146463090          -1169.242860865903
           0.583577712610          -1169.413033336067          -1169.242766215283
           0.585532746823          -1169.412917816814          -1169.242669033956
           0.587487781036          -1169.412799902944          -1169.242569320425
           0.589442815249          -1169.412679592073          -1169.242467073194
           0.591397849462          -1169.412556881816          -1169.242362290770
           0.593352883675          -1169.412431769789          -1169.242254971656
           0.595307917889          -1169.412304253607          -1169.242145114356
           0.597262952102          -1169.412174330884          -1169.242032717376
           0.599217986315          -1169.412041999236          -1169.241917779220
           0.601173020528          -1169.411907256278          -1169.241800298392
           0.603128054741          -1169.411770099626          -1169.241680273398
           0.605083088954          -1169.411630526895          -1169.241557702741
           0.607038123167          -1169.411488535699          -1169.241432584927
           0.608993157380          -1169.411344123655          -1169.241304918460
           0.610948191593          -1169.411197288377          -1169.241174701845
           0.612903225806          -1169.411048027480          -1169.241041933586
           0.614858260020          -1169.410896338580          -1169.240906612188
           0.616813294233          -1169.410742219291          -1169.240768736155
           0.618768328446          -1169.410585667230          -1169.240628303993
           0.620723362659          -1169.410426680011          -1169.240485314205
           0.622678396872          -1169.410265255250          -1169.240339765297
           0.624633431085          -1169.410101390562          -1169.240191655772
           0.626588465298          -1169.409935083561          -1169.240040984136
           0.628543499511          -1169.409766331863          -1169.239887748893
           0.630498533724          -1169.409595133084          -1169.239731948548
           0.632453567937          -1169.409421484839          -1169.239573581605
           0.634408602151          -1169.409245384742          -1169.239412646569
           0.636363636364          -1169.409066830408          -1169.239249141945
           0.638318670577          -1169.408885819455          -1169.239083066237
           0.640273704790          -1169.408702349495          -1169.238914417950
           0.642228739003          -1169.408516418145          -1169.238743195588
           0.644183773216          -1169.408328023020          -1169.238569397656
           0.646138807429          -1169.408137161735          -1169.238393022659
           0.648093841642          -1169.407943831905          -1169.238214069101
           0.650048875855          -1169.407748031146          -1169.238032535487
           0.652003910068          -1169.407549757072          -1169.237848420322
           0.653958944282          -1169.407349008669          -1169.237661723461
           0.655913978495          -1169.407145792041          -1169.237472451786
           0.657869012708          -1169.406940115600          -1169.237280614456
           0.659824046921          -1169.406731987759          -1169.237086220630
           0.661779081134          -1169.406521416932          -1169.236889279467
           0.663734115347          -1169.406308411530          -1169.236689800127
           0.665689149560          -1169.406092979968          -1169.236487791768
           0.667644183773          -1169.405875130657          -1169.236283263551
           0.669599217986          -1169.405654872010          -1169.236076224633
           0.671554252199          -1169.405432212442          -1169.235866684175
           0.673509286413          -1169.405207160364          -1169.235654651336
           0.675464320626          -1169.404979724190          -1169.235440135275
           0.677419354839          -1169.404749912331          -1169.235223145151
           0.679374389052          -1169.404517733203          -1169.235003690124
           0.681329423265          -1169.404283195216          -1169.234781779353
           0.683284457478          -1169.404046306784          -1169.234557421996
           0.685239491691          -1169.403807076321          -1169.234330627215
           0.687194525904          -1169.403565512238          -1169.234101404167
           0.689149560117          -1169.403321622949          -1169.233869762011
           0.691104594330          -1169.403075416867          -1169.233635709908
           0.693059628543          -1169.402826902404          -1169.233399257017
           0.695014662757          -1169.402576087974          -1169.233160412496
           0.696969696970          -1169.402322981990          -1169.232919185505
           0.698924731183          -1169.402067592864          -1169.232675585204
           0.700879765396          -1169.401809929009          -1169.232429620751
           0.702834799609          -1169.401549998839          -1169.232181301306
           0.704789833822          -1169.401287810766          -1169.231930636028
           0.706744868035          -1169.401023373202          -1169.231677634076
           0.708699902248          -1169.400756694562          -1169.231422304610
           0.710654936461          -1169.400487783257          -1169.231164656789
           0.712609970674          -1169.400216647702          -1169.230904699772
           0.714565004888          -1169.399943296308          -1169.230642442718
           0.716520039101          -1169.399667737488          -1169.230377894787
           0.718475073314          -1169.399389979657          -1169.230111065138
           0.720430107527          -1169.399110031225          -1169.229841962931
           0.722385141740          -1169.398827900607          -1169.229570597324
           0.724340175953          -1169.398543596215          -1169.229296977476
           0.726295210166          -1169.398257126463          -1169.229021112548
           0.728250244379          -1169.397968499762          -1169.228743011698
           0.730205278592          -1169.397677724527          -1169.228462684085
           0.732160312805          -1169.397384809169          -1169.228180138870
           0.734115347019          -1169.397089762102          -1169.227895385210
           0.736070381232          -1169.396792591739          -1169.227608432266
           0.738025415445          -1169.396493306493          -1169.227319289196
           0.739980449658          -1169.396191914897          -1169.227027965283
           0.741935483871          -1169.395888429340          -1169.226734473717
           0.743890518084          -1169.395582866778          -1169.226438832322
           0.745845552297          -1169.395275244432          -1169.226141059187
           0.747800586510          -1169.394965579524          -1169.225841172406
           0.749755620723          -1169.394653889275          -1169.225539190068
           0.751710654936          -1169.394340190906          -1169.225235130265
           0.753665689150          -1169.394024501638          -1169.224929011090
           0.755620723363          -1169.393706838691          -1169.224620850632
           0.757575757576          -1169.393387219289          -1169.224310666984
           0.759530791789          -1169.393065660650          -1169.223998478237
           0.761485826002          -1169.392742179998          -1169.223684302482
           0.763440860215          -1169.392416794552          -1169.223368157810
           0.765395894428          -1169.392089521534          -1169.223050062313
           0.767350928641          -1169.391760378165          -1169.222730034082
           0.769305962854          -1169.391429381666          -1169.222408091209
           0.771260997067          -1169.391096549259          -1169.222084251784
           0.773216031281          -1169.390761898165          -1169.221758533900
           0.775171065494          -1169.390425445603          -1169.221430955647
           0.777126099707          -1169.390087208797          -1169.221101535117
           0.779081133920          -1169.389747204967          -1169.220770290401
           0.781036168133          -1169.389405451335          -1169.220437239590
           0.782991202346          -1169.389061965120          -1169.220102400776
           0.784946236559          -1169.388716763545          -1169.219765792051
           0.786901270772          -1169.388369863830          -1169.219427431505
           0.788856304985          -1169.388021283198          -1169.219087337230
           0.790811339198          -1169.387671038868          -1169.218745527317
           0.792766373412          -1169.387319148063          -1169.218402019858
           0.794721407625          -1169.386965628002          -1169.218056832944
           0.796676441838          -1169.386610495908          -1169.217709984666
           0.798631476051          -1169.386253769002          -1169.217361493116
           0.800586510264          -1169.385895464504          -1169.217011376384
           0.802541544477          -1169.385535599636          -1169.216659652562
           0.804496578690          -1169.385174191619          -1169.216306339743
           0.806451612903          -1169.384811257675          -1169.215951456016
           0.808406647116          -1169.384446815023          -1169.215595019474
           0.810361681329          -1169.384080880886          -1169.215237048207
           0.812316715543          -1169.383713472485          -1169.214877560307
           0.814271749756          -1169.383344607040          -1169.214516573866
           0.816226783969          -1169.382974301774          -1169.214154106974
           0.818181818182          -1169.382602573906          -1169.213790177723
           0.820136852395          -1169.382229440659          -1169.213424804204
           0.822091886608          -1169.381854919253          -1169.213058004509
           0.824046920821          -1169.381479026910          -1169.212689796730
           0.826001955034          -1169.381101780850          -1169.212320198956
           0.827956989247          -1169.380723200468          -1169.211949231299
           0.829912023460          -1169.380343315058          -1169.211576923067
           0.831867057674          -1169.379962156735          -1169.211203306192
           0.833822091887          -1169.379579757614          -1169.210828412603
           0.835777126100          -1169.379196149811          -1169.210452274230
           0.837732160313          -1169.378811365441          -1169.210074923004
           0.839687194526          -1169.378425436618          -1169.209696390855
           0.841642228739          -1169.378038395458          -1169.209316709712
           0.843597262952          -1169.377650274076          -1169.208935911506
           0.845552297165          -1169.377261104588          -1169.208554028167
           0.847507331378          -1169.376870919107          -1169.208171091626
           0.849462365591          -1169.376479749751          -1169.207787133812
           0.851417399804          -1169.376087628632          -1169.207402186656
           0.853372434018          -1169.375694587868          -1169.207016282087
           0.855327468231          -1169.375300659572          -1169.206629452036
           0.857282502444          -1169.374905875860          -1169.206241728433
           0.859237536657          -1169.374510268847          -1169.205853143209
           0.861192570870          -1169.374113870649          -1169.205463728293
           0.863147605083          -1169.373716713380          -1169.205073515616
           0.865102639296          -1169.373318829155          -1169.204682537107
           0.867057673509          -1169.372920250090          -1169.204290824697
           0.869012707722          -1169.372521008300          -1169.203898410317
           0.870967741935          -1169.372121135900          -1169.203505325895
           0.872922776149          -1169.371720665005          -1169.203111603363
           0.874877810362          -1169.371319627729          -1169.202717274650
           0.876832844575          -1169.370918056190          -1169.202322371687
           0.878787878788          -1169.370515982501          -1169.201926926404
           0.880742913001          -1169.370113438777          -1169.201530970730
           0.882697947214          -1169.369710457134          -1169.201134536597
           0.884652981427          -1169.369307069687          -1169.200737655934
           0.886608015640          -1169.368903308551          -1169.200340360672
           0.888563049853          -1169.368499205841          -1169.199942682740
           0.890518084066          -1169.368094793672          -1169.199544654069
           0.892473118280          -1169.367690104159          -1169.199146306589
           0.894428152493          -1169.367285169418          -1169.198747672230
           0.896383186706          -1169.366880021564          -1169.198348782922
           0.898338220919          -1169.366474692712          -1169.197949670595
           0.900293255132          -1169.366069214976          -1169.197550367180
           0.902248289345          -1169.365663620473          -1169.197150904607
           0.904203323558          -1169.365257941316          -1169.196751314806
           0.906158357771          -1169.364852209622          -1169.196351629706
           0.908113391984          -1169.364446457506          -1169.195951881239
           0.910068426197          -1169.364040717082          -1169.195552101335
           0.912023460411          -1169.363635020466          -1169.195152321922
           0.913978494624          -1169.363229399129          -1169.194752574319
           0.915933528837          -1169.362823868134          -1169.194352874205
           0.917888563050          -1169.362418425190          -1169.193953220718
           0.919843597263          -1169.362013067170          -1169.193553612202
           0.921798631476          -1169.361607790950          -1169.193154047004
           0.923753665689          -1169.361202593404          -1169.192754523468
           0.925708699902          -1169.360797471407          -1169.192355039939
           0.927663734115          -1169.360392421834          -1169.191955594763
           0.929618768328          -1169.359987441560          -1169.191556186284
           0.931573802542          -1169.359582527459          -1169.191156812847
           0.933528836755          -1169.359177676406          -1169.190757472798
           0.935483870968          -1169.358772885276          -1169.190358164481
           0.937438905181          -1169.358368150943          -1169.189958886241
           0.939393939394          -1169.357963470283          -1169.189559636424
           0.941348973607          -1169.357558840170          -1169.189160413373
           0.943304007820          -1169.357154257479          -1169.188761215436
           0.945259042033          -1169.356749719085          -1169.188362040956
           0.947214076246          -1169.356345221862          -1169.187962888278
           0.949169110459          -1169.355940762685          -1169.187563755748
           0.951124144673          -1169.355536338429          -1169.187164641710
           0.953079178886          -1169.355131945969          -1169.186765544509
           0.955034213099          -1169.354727582179          -1169.186366462491
           0.956989247312          -1169.354323243935          -1169.185967394001
           0.958944281525          -1169.353918928110          -1169.185568337384
           0.960899315738          -1169.353514631580          -1169.185169290983
           0.962854349951          -1169.353110351219          -1169.184770253146
           0.964809384164          -1169.352706083903          -1169.184371222216
           0.966764418377          -1169.352301826506          -1169.183972196538
           0.968719452590          -1169.351897575903          -1169.183573174459
           0.970674486804          -1169.351493328968          -1169.183174154322
           0.972629521017          -1169.351089082576          -1169.182775134473
           0.974584555230          -1169.350684833602          -1169.182376113256
           0.976539589443          -1169.350280578922          -1169.181977089017
           0.978494623656          -1169.349876315408          -1169.181578060101
           0.980449657869          -1169.349472039937          -1169.181179024853
           0.982404692082          -1169.349067749383          -1169.180779981617
           0.984359726295          -1169.348663440621          -1169.180380928739
           0.986314760508          -1169.348259110526          -1169.179981864565
           0.988269794721          -1169.347854755971          -1169.179582787437
           0.990224828935          -1169.347450373833          -1169.179183695703
           0.992179863148          -1169.347045960986          -1169.178784587706
           0.994134897361          -1169.346641514304          -1169.178385461793
           0.996089931574          -1169.346237030662          -1169.177986316307
           0.998044965787          -1169.345832506936          -1169.177587149595
           1.000000000000          -1169.345427940000          -1169.177187960000
