          -1.000000000000          -1186.518097050000          -1186.307459560000
          -0.998044965787          -1186.548648810857          -1186.338036887656
          -0.996089931574          -1186.579452399924          -1186.368866093841
          -0.994134897361          -1186.610489603318          -1186.399928961033
          -0.992179863148          -1186.641742207158          -1186.431207271710
          -0.990224828935          -1186.673191997559          -1186.462682808349
          -0.988269794721          -1186.704820760641          -1186.494337353430
          -0.986314760508          -1186.736610282519          -1186.526152689430
          -0.984359726295          -1186.768542349311          -1186.558110598826
          -0.982404692082          -1186.800598747136          -1186.590192864098
          -0.980449657869          -1186.832761262109          -1186.622381267722
          -0.978494623656          -1186.865011680349          -1186.654657592177
          -0.976539589443          -1186.897331787974          -1186.687003619941
          -0.974584555230          -1186.929703371099          -1186.719401133492
          -0.972629521017          -1186.962108215843          -1186.751831915308
          -0.970674486804          -1186.994528108323          -1186.784277747866
          -0.968719452590          -1187.026944834657          -1186.816720413646
          -0.966764418377          -1187.059340180962          -1186.849141695124
          -0.964809384164          -1187.091695933354          -1186.881523374779
          -0.962854349951          -1187.123993877953          -1186.913847235089
          -0.960899315738          -1187.156215800874          -1186.946095058531
          -0.958944281525          -1187.188343488236          -1186.978248627585
          -0.956989247312          -1187.220358726155          -1187.010289724727
          -0.955034213099          -1187.252243300750          -1187.042200132436
          -0.953079178886          -1187.283978998137          -1187.073961633190
          -0.951124144673          -1187.315547604434          -1187.105556009466
          -0.949169110459          -1187.346930905759          -1187.136965043743
          -0.947214076246          -1187.378110688227          -1187.168170518499
          -0.945259042033          -1187.409068737958          -1187.199154216211
          -0.943304007820          -1187.439786841069          -1187.229897919358
          -0.941348973607          -1187.470246783676          -1187.260383410418
          -0.939393939394          -1187.500430351898          -1187.290592471868
          -0.937438905181          -1187.530319331851          -1187.320506886187
          -0.935483870968          -1187.559895509653          -1187.350108435853
          -0.933528836755          -1187.589140671422          -1187.379378903343
          -0.931573802542          -1187.618036603274          -1187.408300071136
          -0.929618768328          -1187.646565091327          -1187.436853721710
          -0.927663734115          -1187.674707921699          -1187.465021637542
          -0.925708699902          -1187.702446880506          -1187.492785601111
          -0.923753665689          -1187.729763753867          -1187.520127394894
          -0.921798631476          -1187.756640327899          -1187.547028801370
          -0.919843597263          -1187.783058388718          -1187.573471603016
          -0.917888563050          -1187.808999722443          -1187.599437582311
          -0.915933528837          -1187.834446115191          -1187.624908521733
          -0.913978494624          -1187.859379353079          -1187.649866203759
          -0.912023460411          -1187.883781891388          -1187.674293080175
          -0.910068426197          -1187.907650127325          -1187.698185547704
          -0.908113391984          -1187.930993639683          -1187.721553187498
          -0.906158357771          -1187.953822524197          -1187.744406097764
          -0.904203323558          -1187.976146876602          -1187.766754376710
          -0.902248289345          -1187.997976792633          -1187.788608122543
          -0.900293255132          -1188.019322368026          -1187.809977433471
          -0.898338220919          -1188.040193698517          -1187.830872407699
          -0.896383186706          -1188.060600879840          -1187.851303143437
          -0.894428152493          -1188.080554007731          -1187.871279738891
          -0.892473118280          -1188.100063177925          -1187.890812292268
          -0.890518084066          -1188.119138486157          -1187.909910901776
          -0.888563049853          -1188.137790028165          -1187.928585665622
          -0.886608015640          -1188.156027899681          -1187.946846682014
          -0.884652981427          -1188.173862196442          -1187.964704049159
          -0.882697947214          -1188.191303014183          -1187.982167865263
          -0.880742913001          -1188.208360448640          -1187.999248228536
          -0.878787878788          -1188.225044595547          -1188.015955237182
          -0.876832844575          -1188.241365550641          -1188.032298989412
          -0.874877810362          -1188.257333409656          -1188.048289583430
          -0.872922776149          -1188.272958268328          -1188.063937117446
          -0.870967741935          -1188.288250222393          -1188.079251689665
          -0.869012707722          -1188.303219367586          -1188.094243398296
          -0.867057673509          -1188.317875799641          -1188.108922341546
          -0.865102639296          -1188.332229614294          -1188.123298617621
          -0.863147605083          -1188.346290907282          -1188.137382324730
          -0.861192570870          -1188.360069774339          -1188.151183561080
          -0.859237536657          -1188.373576311200          -1188.164712424878
          -0.857282502444          -1188.386820613601          -1188.177979014331
          -0.855327468231          -1188.399812777277          -1188.190993427647
          -0.853372434018          -1188.412562897964          -1188.203765763033
          -0.851417399804          -1188.425081071397          -1188.216306118696
          -0.849462365591          -1188.437377393311          -1188.228624592844
          -0.847507331378          -1188.449461959442          -1188.240731283684
          -0.845552297165          -1188.461344865525          -1188.252636289423
          -0.843597262952          -1188.473036207295          -1188.264349708268
          -0.841642228739          -1188.484546080489          -1188.275881638428
          -0.839687194526          -1188.495884580840          -1188.287242178109
          -0.837732160313          -1188.507061804085          -1188.298441425519
          -0.835777126100          -1188.518087845959          -1188.309489478864
          -0.833822091887          -1188.528972802197          -1188.320396436353
          -0.831867057674          -1188.539726768534          -1188.331172396192
          -0.829912023460          -1188.550359840707          -1188.341827456590
          -0.827956989247          -1188.560882114450          -1188.352371715752
          -0.826001955034          -1188.571303685357          -1188.362815271746
          -0.824046920821          -1188.581632699918          -1188.373166273202
          -0.822091886608          -1188.591870460217          -1188.383426023189
          -0.820136852395          -1188.602016766799          -1188.393594322981
          -0.818181818182          -1188.612071420206          -1188.403670973851
          -0.816226783969          -1188.622034220982          -1188.413655777072
          -0.814271749756          -1188.631904969671          -1188.423548533917
          -0.812316715543          -1188.641683466817          -1188.433349045660
          -0.810361681329          -1188.651369512962          -1188.443057113573
          -0.808406647116          -1188.660962908650          -1188.452672538931
          -0.806451612903          -1188.670463454425          -1188.462195123005
          -0.804496578690          -1188.679870950831          -1188.471624667071
          -0.802541544477          -1188.689185198410          -1188.480960972400
          -0.800586510264          -1188.698405997707          -1188.490203840266
          -0.798631476051          -1188.707533149264          -1188.499353071942
          -0.796676441838          -1188.716566453627          -1188.508408468702
          -0.794721407625          -1188.725505711337          -1188.517369831819
          -0.792766373412          -1188.734350722938          -1188.526236962566
          -0.790811339198          -1188.743101288975          -1188.535009662216
          -0.788856304985          -1188.751757209990          -1188.543687732042
          -0.786901270772          -1188.760318286528          -1188.552270973318
          -0.784946236559          -1188.768784319130          -1188.560759187317
          -0.782991202346          -1188.777155108342          -1188.569152175313
          -0.781036168133          -1188.785430454707          -1188.577449738578
          -0.779081133920          -1188.793610158768          -1188.585651678385
          -0.777126099707          -1188.801694021069          -1188.593757796009
          -0.775171065494          -1188.809681842152          -1188.601767892721
          -0.773216031281          -1188.817573422563          -1188.609681769796
          -0.771260997067          -1188.825368562844          -1188.617499228507
          -0.769305962854          -1188.833067063538          -1188.625220070127
          -0.767350928641          -1188.840668725190          -1188.632844095929
          -0.765395894428          -1188.848173348343          -1188.640371107186
          -0.763440860215          -1188.855580733540          -1188.647800905172
          -0.761485826002          -1188.862890681325          -1188.655133291160
          -0.759530791789          -1188.870102992242          -1188.662368066423
          -0.757575757576          -1188.877217466833          -1188.669505032235
          -0.755620723363          -1188.884233905643          -1188.676543989868
          -0.753665689150          -1188.891152109215          -1188.683484740596
          -0.751710654936          -1188.897971878093          -1188.690327085692
          -0.749755620723          -1188.904693012820          -1188.697070826429
          -0.747800586510          -1188.911315313939          -1188.703715764082
          -0.745845552297          -1188.917838581994          -1188.710261699922
          -0.743890518084          -1188.924262617529          -1188.716708435223
          -0.741935483871          -1188.930587221087          -1188.723055771258
          -0.739980449658          -1188.936812193212          -1188.729303509301
          -0.738025415445          -1188.942937380386          -1188.735451496573
          -0.736070381232          -1188.948963421656          -1188.741500372991
          -0.734115347019          -1188.954891624882          -1188.747451447408
          -0.732160312805          -1188.960723318895          -1188.753306049645
          -0.730205278592          -1188.966459832524          -1188.759065509525
          -0.728250244379          -1188.972102494599          -1188.764731156869
          -0.726295210166          -1188.977652633948          -1188.770304321499
          -0.724340175953          -1188.983111579402          -1188.775786333238
          -0.722385141740          -1188.988480659790          -1188.781178521907
          -0.720430107527          -1188.993761203942          -1188.786482217329
          -0.718475073314          -1188.998954540686          -1188.791698749324
          -0.716520039101          -1189.004061998853          -1188.796829447716
          -0.714565004888          -1189.009084907271          -1188.801875642326
          -0.712609970674          -1189.014024594771          -1188.806838662976
          -0.710654936461          -1189.018882390181          -1188.811719839489
          -0.708699902248          -1189.023659622332          -1188.816520501685
          -0.706744868035          -1189.028357620053          -1188.821241979388
          -0.704789833822          -1189.032977712172          -1188.825885602419
          -0.702834799609          -1189.037521227521          -1188.830452700599
          -0.700879765396          -1189.041989494927          -1188.834944603752
          -0.698924731183          -1189.046383843221          -1188.839362641699
          -0.696969696970          -1189.050705601232          -1188.843708144262
          -0.695014662757          -1189.054956097789          -1188.847982441263
          -0.693059628543          -1189.059136661723          -1188.852186862523
          -0.691104594330          -1189.063248621862          -1188.856322737866
          -0.689149560117          -1189.067293307035          -1188.860391397113
          -0.687194525904          -1189.071272046074          -1188.864394170085
          -0.685239491691          -1189.075186167806          -1188.868332386605
          -0.683284457478          -1189.079037001061          -1188.872207376496
          -0.681329423265          -1189.082825874670          -1188.876020469577
          -0.679374389052          -1189.086554117460          -1188.879772995673
          -0.677419354839          -1189.090223058262          -1188.883466284605
          -0.675464320626          -1189.093834025906          -1188.887101666194
          -0.673509286413          -1189.097388349220          -1188.890680470262
          -0.671554252199          -1189.100887357034          -1188.894204026633
          -0.669599217986          -1189.104332378178          -1188.897673665127
          -0.667644183773          -1189.107724741481          -1188.901090715567
          -0.665689149560          -1189.111065775772          -1188.904456507775
          -0.663734115347          -1189.114356809882          -1188.907772371572
          -0.661779081134          -1189.117599172639          -1188.911039636780
          -0.659824046921          -1189.120794192873          -1188.914259633222
          -0.657869012708          -1189.123943199413          -1188.917433690720
          -0.655913978495          -1189.127047521089          -1188.920563139095
          -0.653958944282          -1189.130108486731          -1188.923649308169
          -0.652003910068          -1189.133127425057          -1188.926693527656
          -0.650048875855          -1189.136105450666          -1188.929696913121
          -0.648093841642          -1189.139043017184          -1188.932659919100
          -0.646138807429          -1189.141940451103          -1188.935582872975
          -0.644183773216          -1189.144798078911          -1188.938466102128
          -0.642228739003          -1189.147616227099          -1188.941309933942
          -0.640273704790          -1189.150395222157          -1188.944114695800
          -0.638318670577          -1189.153135390575          -1188.946880715085
          -0.636363636364          -1189.155837058845          -1188.949608319180
          -0.634408602151          -1189.158500553453          -1188.952297835466
          -0.632453567937          -1189.161126200893          -1188.954949591328
          -0.630498533724          -1189.163714327653          -1188.957563914148
          -0.628543499511          -1189.166265260223          -1188.960141131308
          -0.626588465298          -1189.168779325094          -1188.962681570192
          -0.624633431085          -1189.171256848756          -1188.965185558181
          -0.622678396872          -1189.173698157698          -1188.967653422660
          -0.620723362659          -1189.176103578411          -1188.970085491010
          -0.618768328446          -1189.178473437385          -1188.972482090615
          -0.616813294233          -1189.180808061110          -1188.974843548857
          -0.614858260020          -1189.183107776076          -1188.977170193118
          -0.612903225806          -1189.185372908772          -1188.979462350782
          -0.610948191593          -1189.187603785690          -1188.981720349232
          -0.608993157380          -1189.189800733320          -1188.983944515850
          -0.607038123167          -1189.191964078150          -1188.986135178019
          -0.605083088954          -1189.194094146672          -1188.988292663121
          -0.603128054741          -1189.196191265375          -1188.990417298541
          -0.601173020528          -1189.198255760749          -1188.992509411659
          -0.599217986315          -1189.200287959285          -1188.994569329859
          -0.597262952102          -1189.202288187473          -1188.996597380524
          -0.595307917889          -1189.204256771802          -1188.998593891037
          -0.593352883675          -1189.206194038763          -1189.000559188780
          -0.591397849462          -1189.208100314846          -1189.002493601136
          -0.589442815249          -1189.209975926540          -1189.004397455488
          -0.587487781036          -1189.211821200336          -1189.006271079218
          -0.585532746823          -1189.213636462725          -1189.008114799709
          -0.583577712610          -1189.215422040195          -1189.009928944345
          -0.581622678397          -1189.217178259238          -1189.011713840508
          -0.579667644184          -1189.218905446342          -1189.013469815580
          -0.577712609971          -1189.220603927999          -1189.015197196944
          -0.575757575758          -1189.222274030698          -1189.016896311984
          -0.573802541544          -1189.223916080930          -1189.018567488082
          -0.571847507331          -1189.225530405184          -1189.020211052620
          -0.569892473118          -1189.227117329951          -1189.021827332982
          -0.567937438905          -1189.228677181720          -1189.023416656549
          -0.565982404692          -1189.230210286982          -1189.024979350706
          -0.564027370479          -1189.231716971050          -1189.026515741681
          -0.562072336266          -1189.233197542227          -1189.028026138999
          -0.560117302053          -1189.234652296005          -1189.029510839615
          -0.558162267840          -1189.236081527566          -1189.030970140176
          -0.556207233627          -1189.237485532088          -1189.032404337327
          -0.554252199413          -1189.238864604755          -1189.033813727714
          -0.552297165200          -1189.240219040744          -1189.035198607985
          -0.550342130987          -1189.241549135238          -1189.036559274786
          -0.548387096774          -1189.242855183417          -1189.037896024762
          -0.546432062561          -1189.244137480461          -1189.039209154560
          -0.544477028348          -1189.245396321551          -1189.040498960828
          -0.542521994135          -1189.246632001866          -1189.041765740209
          -0.540566959922          -1189.247844816589          -1189.043009789352
          -0.538611925709          -1189.249035060899          -1189.044231404903
          -0.536656891496          -1189.250203029977          -1189.045430883507
          -0.534701857283          -1189.251349019003          -1189.046608521812
          -0.532746823069          -1189.252473323158          -1189.047764616463
          -0.530791788856          -1189.253576237622          -1189.048899464107
          -0.528836754643          -1189.254658057577          -1189.050013361390
          -0.526881720430          -1189.255719078201          -1189.051106604959
          -0.524926686217          -1189.256759594677          -1189.052179491460
          -0.522971652004          -1189.257779902184          -1189.053232317538
          -0.521016617791          -1189.258780295903          -1189.054265379842
          -0.519061583578          -1189.259761071015          -1189.055278975016
          -0.517106549365          -1189.260722522700          -1189.056273399708
          -0.515151515152          -1189.261664946138          -1189.057248950563
          -0.513196480938          -1189.262588636510          -1189.058205924228
          -0.511241446725          -1189.263493888997          -1189.059144617349
          -0.509286412512          -1189.264380998779          -1189.060065326573
          -0.507331378299          -1189.265250261037          -1189.060968348546
          -0.505376344086          -1189.266101970951          -1189.061853979914
          -0.503421309873          -1189.266936423702          -1189.062722517324
          -0.501466275660          -1189.267753914469          -1189.063574257421
          -0.499511241447          -1189.268554738435          -1189.064409496853
          -0.497556207234          -1189.269339190779          -1189.065228532265
          -0.495601173021          -1189.270107566681          -1189.066031660304
          -0.493646138807          -1189.270860161323          -1189.066819177617
          -0.491691104594          -1189.271597269885          -1189.067591380849
          -0.489736070381          -1189.272319187547          -1189.068348566647
          -0.487781036168          -1189.273026209490          -1189.069091031658
          -0.485826001955          -1189.273718630894          -1189.069819072526
          -0.483870967742          -1189.274396746940          -1189.070532985900
          -0.481915933529          -1189.275060852809          -1189.071233068425
          -0.479960899316          -1189.275711243680          -1189.071919616748
          -0.478005865103          -1189.276348214679          -1189.072592927458
          -0.476050830890          -1189.276972024366          -1189.073253260614
          -0.474095796676          -1189.277582831887          -1189.073900776941
          -0.472140762463          -1189.278180779648          -1189.074535620440
          -0.470185728250          -1189.278766010057          -1189.075157935111
          -0.468230694037          -1189.279338665520          -1189.075767864955
          -0.466275659824          -1189.279898888444          -1189.076365553974
          -0.464320625611          -1189.280446821236          -1189.076951146168
          -0.462365591398          -1189.280982606303          -1189.077524785538
          -0.460410557185          -1189.281506386052          -1189.078086616086
          -0.458455522972          -1189.282018302889          -1189.078636781812
          -0.456500488759          -1189.282518499221          -1189.079175426716
          -0.454545454545          -1189.283007117456          -1189.079702694801
          -0.452590420332          -1189.283484300000          -1189.080218730066
          -0.450635386119          -1189.283950189261          -1189.080723676513
          -0.448680351906          -1189.284404927643          -1189.081217678143
          -0.446725317693          -1189.284848657556          -1189.081700878956
          -0.444770283480          -1189.285281521406          -1189.082173422953
          -0.442815249267          -1189.285703661599          -1189.082635454136
          -0.440860215054          -1189.286115220542          -1189.083087116505
          -0.438905180841          -1189.286516340642          -1189.083528554061
          -0.436950146628          -1189.286907164307          -1189.083959910805
          -0.434995112414          -1189.287287833942          -1189.084381330739
          -0.433040078201          -1189.287658491955          -1189.084792957862
          -0.431085043988          -1189.288019280753          -1189.085194936176
          -0.429130009775          -1189.288370342742          -1189.085587409682
          -0.427174975562          -1189.288711820330          -1189.085970522380
          -0.425219941349          -1189.289043855923          -1189.086344418273
          -0.423264907136          -1189.289366591928          -1189.086709241359
          -0.421309872923          -1189.289680170752          -1189.087065135641
          -0.419354838710          -1189.289984734802          -1189.087412245119
          -0.417399804497          -1189.290280426485          -1189.087750713795
          -0.415444770283          -1189.290567388207          -1189.088080685668
          -0.413489736070          -1189.290845762376          -1189.088402304741
          -0.411534701857          -1189.291115691398          -1189.088715715013
          -0.409579667644          -1189.291377317680          -1189.089021060486
          -0.407624633431          -1189.291630783629          -1189.089318485162
          -0.405669599218          -1189.291876231652          -1189.089608133040
          -0.403714565005          -1189.292113804156          -1189.089890148121
          -0.401759530792          -1189.292343643547          -1189.090164674407
          -0.399804496579          -1189.292565892233          -1189.090431855898
          -0.397849462366          -1189.292780692621          -1189.090691836596
          -0.395894428152          -1189.292988187116          -1189.090944760500
          -0.393939393939          -1189.293188518126          -1189.091190771614
          -0.391984359726          -1189.293381828059          -1189.091430013936
          -0.390029325513          -1189.293568256972          -1189.091662629082
          -0.388074291300          -1189.293747916125          -1189.091888729395
          -0.386119257087          -1189.293920897452          -1189.092108407581
          -0.384164222874          -1189.294087292532          -1189.092321755984
          -0.382209188661          -1189.294247192945          -1189.092528866945
          -0.380254154448          -1189.294400690269          -1189.092729832809
          -0.378299120235          -1189.294547876084          -1189.092924745918
          -0.376344086022          -1189.294688841967          -1189.093113698615
          -0.374389051808          -1189.294823679498          -1189.093296783243
          -0.372434017595          -1189.294952480255          -1189.093474092145
          -0.370478983382          -1189.295075335817          -1189.093645717664
          -0.368523949169          -1189.295192337763          -1189.093811752144
          -0.366568914956          -1189.295303577673          -1189.093972287927
          -0.364613880743          -1189.295409147123          -1189.094127417356
          -0.362658846530          -1189.295509137695          -1189.094277232773
          -0.360703812317          -1189.295603640965          -1189.094421826523
          -0.358748778104          -1189.295692748514          -1189.094561290948
          -0.356793743891          -1189.295776551920          -1189.094695718392
          -0.354838709677          -1189.295855142761          -1189.094825201196
          -0.352883675464          -1189.295928612616          -1189.094949831705
          -0.350928641251          -1189.295997053065          -1189.095069702260
          -0.348973607038          -1189.296060555686          -1189.095184905206
          -0.347018572825          -1189.296119212059          -1189.095295532885
          -0.345063538612          -1189.296173113760          -1189.095401677640
          -0.343108504399          -1189.296222352370          -1189.095503431814
          -0.341153470186          -1189.296267019468          -1189.095600887750
          -0.339198435973          -1189.296307206632          -1189.095694137791
          -0.337243401760          -1189.296343005440          -1189.095783274281
          -0.335288367546          -1189.296374507473          -1189.095868389561
          -0.333333333333          -1189.296401804307          -1189.095949575976
          -0.331378299120          -1189.296424987524          -1189.096026925867
          -0.329423264907          -1189.296444148700          -1189.096100531579
          -0.327468230694          -1189.296459379415          -1189.096170485454
          -0.325513196481          -1189.296470771249          -1189.096236879835
          -0.323558162268          -1189.296478415778          -1189.096299807065
          -0.321603128055          -1189.296482404583          -1189.096359359487
          -0.319648093842          -1189.296482829243          -1189.096415629444
          -0.317693059629          -1189.296479781335          -1189.096468709280
          -0.315738025415          -1189.296473352439          -1189.096518691336
          -0.313782991202          -1189.296463634134          -1189.096565667957
          -0.311827956989          -1189.296450717998          -1189.096609731484
          -0.309872922776          -1189.296434695611          -1189.096650974262
          -0.307917888563          -1189.296415658550          -1189.096689488633
          -0.305962854350          -1189.296393698395          -1189.096725366939
          -0.304007820137          -1189.296368906689          -1189.096758701488
          -0.302052785924          -1189.296341364040          -1189.096789573232
          -0.300097751711          -1189.296311124806          -1189.096818035873
          -0.298142717498          -1189.296278239487          -1189.096844139107
          -0.296187683284          -1189.296242758581          -1189.096867932628
          -0.294232649071          -1189.296204732589          -1189.096889466133
          -0.292277614858          -1189.296164212011          -1189.096908789318
          -0.290322580645          -1189.296121247344          -1189.096925951878
          -0.288367546432          -1189.296075889089          -1189.096941003508
          -0.286412512219          -1189.296028187747          -1189.096953993904
          -0.284457478006          -1189.295978193814          -1189.096964972761
          -0.282502443793          -1189.295925957792          -1189.096973989776
          -0.280547409580          -1189.295871530180          -1189.096981094644
          -0.278592375367          -1189.295814961478          -1189.096986337060
          -0.276637341153          -1189.295756302184          -1189.096989766721
          -0.274682306940          -1189.295695602799          -1189.096991433320
          -0.272727272727          -1189.295632913821          -1189.096991386555
          -0.270772238514          -1189.295568285751          -1189.096989676121
          -0.268817204301          -1189.295501769087          -1189.096986351713
          -0.266862170088          -1189.295433414330          -1189.096981463028
          -0.264907135875          -1189.295363271979          -1189.096975059759
          -0.262952101662          -1189.295291392532          -1189.096967191604
          -0.260997067449          -1189.295217826491          -1189.096957908258
          -0.259042033236          -1189.295142624353          -1189.096947259415
          -0.257086999022          -1189.295065836620          -1189.096935294773
          -0.255131964809          -1189.294987513789          -1189.096922064026
          -0.253176930596          -1189.294907706361          -1189.096907616871
          -0.251221896383          -1189.294826464835          -1189.096892003002
          -0.249266862170          -1189.294743839711          -1189.096875272115
          -0.247311827957          -1189.294659881488          -1189.096857473906
          -0.245356793744          -1189.294574640665          -1189.096838658071
          -0.243401759531          -1189.294488167742          -1189.096818874304
          -0.241446725318          -1189.294400513219          -1189.096798172303
          -0.239491691105          -1189.294311727595          -1189.096776601761
          -0.237536656891          -1189.294221861370          -1189.096754212376
          -0.235581622678          -1189.294130965043          -1189.096731053841
          -0.233626588465          -1189.294039089112          -1189.096707175854
          -0.231671554252          -1189.293946284079          -1189.096682628109
          -0.229716520039          -1189.293852600443          -1189.096657460303
          -0.227761485826          -1189.293758088702          -1189.096631722130
          -0.225806451613          -1189.293662799356          -1189.096605463287
          -0.223851417400          -1189.293566782906          -1189.096578733468
          -0.221896383187          -1189.293470089850          -1189.096551582370
          -0.219941348974          -1189.293372770687          -1189.096524059688
          -0.217986314761          -1189.293274875918          -1189.096496215119
          -0.216031280547          -1189.293176454716          -1189.096468096946
          -0.214076246334          -1189.293077542340          -1189.096439738678
          -0.212121212121          -1189.292978165745          -1189.096411164994
          -0.210166177908          -1189.292878351773          -1189.096382400454
          -0.208211143695          -1189.292778127266          -1189.096353469622
          -0.206256109482          -1189.292677519065          -1189.096324397058
          -0.204301075269          -1189.292576554013          -1189.096295207324
          -0.202346041056          -1189.292475258951          -1189.096265924981
          -0.200391006843          -1189.292373660722          -1189.096236574590
          -0.198435972630          -1189.292271786169          -1189.096207180714
          -0.196480938416          -1189.292169662132          -1189.096177767914
          -0.194525904203          -1189.292067315453          -1189.096148360751
          -0.192570869990          -1189.291964772975          -1189.096118983788
          -0.190615835777          -1189.291862061541          -1189.096089661584
          -0.188660801564          -1189.291759207990          -1189.096060418702
          -0.186705767351          -1189.291656239167          -1189.096031279704
          -0.184750733138          -1189.291553181913          -1189.096002269150
          -0.182795698925          -1189.291450063070          -1189.095973411602
          -0.180840664712          -1189.291346909479          -1189.095944731623
          -0.178885630499          -1189.291243747984          -1189.095916253773
          -0.176930596285          -1189.291140605425          -1189.095888002614
          -0.174975562072          -1189.291037508645          -1189.095860002708
          -0.173020527859          -1189.290934484486          -1189.095832278615
          -0.171065493646          -1189.290831559791          -1189.095804854898
          -0.169110459433          -1189.290728761400          -1189.095777756118
          -0.167155425220          -1189.290626116156          -1189.095751006836
          -0.165200391007          -1189.290523650901          -1189.095724631614
          -0.163245356794          -1189.290421392478          -1189.095698655014
          -0.161290322581          -1189.290319367727          -1189.095673101596
          -0.159335288368          -1189.290217603491          -1189.095647995923
          -0.157380254154          -1189.290116126613          -1189.095623362556
          -0.155425219941          -1189.290014963933          -1189.095599226057
          -0.153470185728          -1189.289914142295          -1189.095575610986
          -0.151515151515          -1189.289813688540          -1189.095552541907
          -0.149560117302          -1189.289713629510          -1189.095530043379
          -0.147605083089          -1189.289613992047          -1189.095508139965
          -0.145650048876          -1189.289514802994          -1189.095486856225
          -0.143695014663          -1189.289416089191          -1189.095466216723
          -0.141739980450          -1189.289317877482          -1189.095446246018
          -0.139784946237          -1189.289220194708          -1189.095426968673
          -0.137829912023          -1189.289123067712          -1189.095408409249
          -0.135874877810          -1189.289026523335          -1189.095390592308
          -0.133919843597          -1189.288930588418          -1189.095373542411
          -0.131964809384          -1189.288835289806          -1189.095357284119
          -0.130009775171          -1189.288740654308          -1189.095341841964
          -0.128054740958          -1189.288646703598          -1189.095327235058
          -0.126099706745          -1189.288553448426          -1189.095313471014
          -0.124144672532          -1189.288460898146          -1189.095300555970
          -0.122189638319          -1189.288369062113          -1189.095288496066
          -0.120234604106          -1189.288277949681          -1189.095277297441
          -0.118279569892          -1189.288187570204          -1189.095266966235
          -0.116324535679          -1189.288097933037          -1189.095257508586
          -0.114369501466          -1189.288009047533          -1189.095248930635
          -0.112414467253          -1189.287920923048          -1189.095241238520
          -0.110459433040          -1189.287833568935          -1189.095234438380
          -0.108504398827          -1189.287746994548          -1189.095228536356
          -0.106549364614          -1189.287661209243          -1189.095223538586
          -0.104594330401          -1189.287576222373          -1189.095219451210
          -0.102639296188          -1189.287492043292          -1189.095216280367
          -0.100684261975          -1189.287408681355          -1189.095214032197
          -0.098729227761          -1189.287326145917          -1189.095212712838
          -0.096774193548          -1189.287244446331          -1189.095212328430
          -0.094819159335          -1189.287163591952          -1189.095212885113
          -0.092864125122          -1189.287083592134          -1189.095214389026
          -0.090909090909          -1189.287004456231          -1189.095216846307
          -0.088954056696          -1189.286926193598          -1189.095220263097
          -0.086999022483          -1189.286848813589          -1189.095224645535
          -0.085043988270          -1189.286772325558          -1189.095229999760
          -0.083088954057          -1189.286696738860          -1189.095236331911
          -0.081133919844          -1189.286622062849          -1189.095243648128
          -0.079178885630          -1189.286548306879          -1189.095251954550
          -0.077223851417          -1189.286475480304          -1189.095261257317
          -0.075268817204          -1189.286403592479          -1189.095271562567
          -0.073313782991          -1189.286332652759          -1189.095282876440
          -0.071358748778          -1189.286262670496          -1189.095295205076
          -0.069403714565          -1189.286193655046          -1189.095308554614
          -0.067448680352          -1189.286125615763          -1189.095322931192
          -0.065493646139          -1189.286058562002          -1189.095338340951
          -0.063538611926          -1189.285992503116          -1189.095354790030
          -0.061583577713          -1189.285927448460          -1189.095372284568
          -0.059628543500          -1189.285863407388          -1189.095390830704
          -0.057673509286          -1189.285800389254          -1189.095410434578
          -0.055718475073          -1189.285738403413          -1189.095431102329
          -0.053763440860          -1189.285677459220          -1189.095452840097
          -0.051808406647          -1189.285617566027          -1189.095475654020
          -0.049853372434          -1189.285558733190          -1189.095499550238
          -0.047898338221          -1189.285500970063          -1189.095524534891
          -0.045943304008          -1189.285444286001          -1189.095550614117
          -0.043988269795          -1189.285388690357          -1189.095577794056
          -0.042033235582          -1189.285334191634          -1189.095606079997
          -0.040078201369          -1189.285280790647          -1189.095635469537
          -0.038123167155          -1189.285228484130          -1189.095665956193
          -0.036168132942          -1189.285177268780          -1189.095697533447
          -0.034213098729          -1189.285127141294          -1189.095730194779
          -0.032258064516          -1189.285078098367          -1189.095763933670
          -0.030303030303          -1189.285030136698          -1189.095798743598
          -0.028347996090          -1189.284983252984          -1189.095834618046
          -0.026392961877          -1189.284937443919          -1189.095871550493
          -0.024437927664          -1189.284892706203          -1189.095909534419
          -0.022482893451          -1189.284849036530          -1189.095948563306
          -0.020527859238          -1189.284806431599          -1189.095988630632
          -0.018572825024          -1189.284764888105          -1189.096029729879
          -0.016617790811          -1189.284724402746          -1189.096071854528
          -0.014662756598          -1189.284684972219          -1189.096114998057
          -0.012707722385          -1189.284646593219          -1189.096159153948
          -0.010752688172          -1189.284609262445          -1189.096204315681
          -0.008797653959          -1189.284572976592          -1189.096250476737
          -0.006842619746          -1189.284537732358          -1189.096297630595
          -0.004887585533          -1189.284503526439          -1189.096345770737
          -0.002932551320          -1189.284470355533          -1189.096394890642
          -0.000977517107          -1189.284438216335          -1189.096444983790
           0.000977517107          -1189.284407105543          -1189.096496043663
           0.002932551320          -1189.284377019853          -1189.096548063740
           0.004887585533          -1189.284347955962          -1189.096601037502
           0.006842619746          -1189.284319910568          -1189.096654958429
           0.008797653959          -1189.284292880366          -1189.096709820002
           0.010752688172          -1189.284266862054          -1189.096765615700
           0.012707722385          -1189.284241852327          -1189.096822339005
           0.014662756598          -1189.284217847885          -1189.096879983396
           0.016617790811          -1189.284194845422          -1189.096938542354
           0.018572825024          -1189.284172841635          -1189.096998009360
           0.020527859238          -1189.284151833222          -1189.097058377893
           0.022482893451          -1189.284131816880          -1189.097119641434
           0.024437927664          -1189.284112789304          -1189.097181793463
           0.026392961877          -1189.284094747193          -1189.097244827462
           0.028347996090          -1189.284077687241          -1189.097308736908
           0.030303030303          -1189.284061606147          -1189.097373515285
           0.032258064516          -1189.284046500608          -1189.097439156071
           0.034213098729          -1189.284032367319          -1189.097505652747
           0.036168132942          -1189.284019202978          -1189.097572998793
           0.038123167155          -1189.284007004281          -1189.097641187691
           0.040078201369          -1189.283995767925          -1189.097710212919
           0.042033235582          -1189.283985490608          -1189.097780067959
           0.043988269795          -1189.283976168998          -1189.097850746266
           0.045943304008          -1189.283967796752          -1189.097922238585
           0.047898338221          -1189.283960361852          -1189.097994530558
           0.049853372434          -1189.283953851652          -1189.098067607259
           0.051808406647          -1189.283948253504          -1189.098141453763
           0.053763440860          -1189.283943554762          -1189.098216055144
           0.055718475073          -1189.283939742779          -1189.098291396477
           0.057673509286          -1189.283936804908          -1189.098367462838
           0.059628543500          -1189.283934728503          -1189.098444239302
           0.061583577713          -1189.283933500917          -1189.098521710942
           0.063538611926          -1189.283933109502          -1189.098599862834
           0.065493646139          -1189.283933541612          -1189.098678680052
           0.067448680352          -1189.283934784601          -1189.098758147673
           0.069403714565          -1189.283936825821          -1189.098838250769
           0.071358748778          -1189.283939652626          -1189.098918974417
           0.073313782991          -1189.283943252370          -1189.099000303691
           0.075268817204          -1189.283947612404          -1189.099082223665
           0.077223851417          -1189.283952720083          -1189.099164719416
           0.079178885630          -1189.283958562759          -1189.099247776017
           0.081133919844          -1189.283965127787          -1189.099331378543
           0.083088954057          -1189.283972402519          -1189.099415512070
           0.085043988270          -1189.283980374307          -1189.099500161671
           0.086999022483          -1189.283989030507          -1189.099585312423
           0.088954056696          -1189.283998358470          -1189.099670949399
           0.090909090909          -1189.284008345551          -1189.099757057675
           0.092864125122          -1189.284018979102          -1189.099843622325
           0.094819159335          -1189.284030246476          -1189.099930628425
           0.096774193548          -1189.284042135026          -1189.100018061048
           0.098729227761          -1189.284054632107          -1189.100105905271
           0.100684261975          -1189.284067725071          -1189.100194146167
           0.102639296188          -1189.284081401271          -1189.100282768812
           0.104594330401          -1189.284095648061          -1189.100371758280
           0.106549364614          -1189.284110452794          -1189.100461099647
           0.108504398827          -1189.284125802823          -1189.100550777986
           0.110459433040          -1189.284141685500          -1189.100640778374
           0.112414467253          -1189.284158088181          -1189.100731085885
           0.114369501466          -1189.284174998217          -1189.100821685593
           0.116324535679          -1189.284192402962          -1189.100912562574
           0.118279569892          -1189.284210289769          -1189.101003701902
           0.120234604106          -1189.284228645992          -1189.101095088652
           0.122189638319          -1189.284247458983          -1189.101186707899
           0.124144672532          -1189.284266716096          -1189.101278544718
           0.126099706745          -1189.284286404684          -1189.101370584184
           0.128054740958          -1189.284306512101          -1189.101462811371
           0.130009775171          -1189.284327025699          -1189.101555211354
           0.131964809384          -1189.284347932336          -1189.101647768814
           0.133919843597          -1189.284369214993          -1189.101740465338
           0.135874877810          -1189.284390854829          -1189.101833281062
           0.137829912023          -1189.284412832989          -1189.101926196111
           0.139784946237          -1189.284435130621          -1189.102019190612
           0.141739980450          -1189.284457728871          -1189.102112244689
           0.143695014663          -1189.284480608885          -1189.102205338468
           0.145650048876          -1189.284503751811          -1189.102298452077
           0.147605083089          -1189.284527138794          -1189.102391565640
           0.149560117302          -1189.284550750983          -1189.102484659284
           0.151515151515          -1189.284574569523          -1189.102577713134
           0.153470185728          -1189.284598575561          -1189.102670707316
           0.155425219941          -1189.284622750243          -1189.102763621956
           0.157380254154          -1189.284647074718          -1189.102856437180
           0.159335288368          -1189.284671530130          -1189.102949133114
           0.161290322581          -1189.284696097627          -1189.103041689883
           0.163245356794          -1189.284720758356          -1189.103134087614
           0.165200391007          -1189.284745493462          -1189.103226306433
           0.167155425220          -1189.284770284093          -1189.103318326464
           0.169110459433          -1189.284795111396          -1189.103410127835
           0.171065493646          -1189.284819956517          -1189.103501690671
           0.173020527859          -1189.284844800603          -1189.103592995097
           0.174975562072          -1189.284869624800          -1189.103684021241
           0.176930596285          -1189.284894410256          -1189.103774749227
           0.178885630499          -1189.284919138116          -1189.103865159182
           0.180840664712          -1189.284943789528          -1189.103955231230
           0.182795698925          -1189.284968345638          -1189.104044945499
           0.184750733138          -1189.284992787593          -1189.104134282115
           0.186705767351          -1189.285017096539          -1189.104223221202
           0.188660801564          -1189.285041253624          -1189.104311742887
           0.190615835777          -1189.285065239993          -1189.104399827295
           0.192570869990          -1189.285089036794          -1189.104487454553
           0.194525904203          -1189.285112625174          -1189.104574604787
           0.196480938416          -1189.285135986278          -1189.104661258122
           0.198435972630          -1189.285159101254          -1189.104747394684
           0.200391006843          -1189.285181951248          -1189.104832994599
           0.202346041056          -1189.285204517407          -1189.104918037993
           0.204301075269          -1189.285226780877          -1189.105002504992
           0.206256109482          -1189.285248722806          -1189.105086375722
           0.208211143695          -1189.285270324340          -1189.105169630308
           0.210166177908          -1189.285291566625          -1189.105252248877
           0.212121212121          -1189.285312430809          -1189.105334211554
           0.214076246334          -1189.285332898038          -1189.105415498464
           0.216031280547          -1189.285352949458          -1189.105496089735
           0.217986314761          -1189.285372566204          -1189.105575965484
           0.219941348974          -1189.285391728483          -1189.105655105265
           0.221896383187          -1189.285410414950          -1189.105733487681
           0.223851417400          -1189.285428604110          -1189.105811091249
           0.225806451613          -1189.285446274470          -1189.105887894483
           0.227761485826          -1189.285463404537          -1189.105963875898
           0.229716520039          -1189.285479972816          -1189.106039014011
           0.231671554252          -1189.285495957814          -1189.106113287334
           0.233626588465          -1189.285511338036          -1189.106186674385
           0.235581622678          -1189.285526091991          -1189.106259153677
           0.237536656891          -1189.285540198184          -1189.106330703725
           0.239491691105          -1189.285553635120          -1189.106401303046
           0.241446725318          -1189.285566381307          -1189.106470930153
           0.243401759531          -1189.285578415251          -1189.106539563562
           0.245356793744          -1189.285589715459          -1189.106607181788
           0.247311827957          -1189.285600260435          -1189.106673763346
           0.249266862170          -1189.285610028687          -1189.106739286751
           0.251221896383          -1189.285618998722          -1189.106803730518
           0.253176930596          -1189.285627149045          -1189.106867073162
           0.255131964809          -1189.285634458162          -1189.106929293199
           0.257086999022          -1189.285640904581          -1189.106990369142
           0.259042033236          -1189.285646466806          -1189.107050279508
           0.260997067449          -1189.285651123346          -1189.107109002812
           0.262952101662          -1189.285654852706          -1189.107166517567
           0.264907135875          -1189.285657633391          -1189.107222802290
           0.266862170088          -1189.285659443910          -1189.107277835496
           0.268817204301          -1189.285660262767          -1189.107331595699
           0.270772238514          -1189.285660068470          -1189.107384061414
           0.272727272727          -1189.285658839524          -1189.107435211158
           0.274682306940          -1189.285656554436          -1189.107485023444
           0.276637341153          -1189.285653191713          -1189.107533476787
           0.278592375367          -1189.285648729860          -1189.107580549704
           0.280547409580          -1189.285643147383          -1189.107626220708
           0.282502443793          -1189.285636422790          -1189.107670468316
           0.284457478006          -1189.285628534587          -1189.107713271041
           0.286412512219          -1189.285619461278          -1189.107754607399
           0.288367546432          -1189.285609181373          -1189.107794455905
           0.290322580645          -1189.285597673375          -1189.107832795075
           0.292277614858          -1189.285584915793          -1189.107869603422
           0.294232649071          -1189.285570887131          -1189.107904859463
           0.296187683284          -1189.285555565897          -1189.107938541712
           0.298142717498          -1189.285538930597          -1189.107970628684
           0.300097751711          -1189.285520959736          -1189.108001098895
           0.302052785924          -1189.285501631822          -1189.108029930859
           0.304007820137          -1189.285480925361          -1189.108057103091
           0.305962854350          -1189.285458819037          -1189.108082594366
           0.307917888563          -1189.285435292757          -1189.108106385220
           0.309872922776          -1189.285410326932          -1189.108128456921
           0.311827956989          -1189.285383901976          -1189.108148790743
           0.313782991202          -1189.285355998304          -1189.108167367957
           0.315738025415          -1189.285326596330          -1189.108184169836
           0.317693059629          -1189.285295676467          -1189.108199177652
           0.319648093842          -1189.285263219131          -1189.108212372677
           0.321603128055          -1189.285229204735          -1189.108223736183
           0.323558162268          -1189.285193613694          -1189.108233249443
           0.325513196481          -1189.285156426420          -1189.108240893728
           0.327468230694          -1189.285117623330          -1189.108246650311
           0.329423264907          -1189.285077184837          -1189.108250500464
           0.331378299120          -1189.285035091354          -1189.108252425458
           0.333333333333          -1189.284991323297          -1189.108252406568
           0.335288367546          -1189.284945861079          -1189.108250425063
           0.337243401760          -1189.284898685115          -1189.108246462218
           0.339198435973          -1189.284849775818          -1189.108240499303
           0.341153470186          -1189.284799113603          -1189.108232517591
           0.343108504399          -1189.284746678884          -1189.108222498355
           0.345063538612          -1189.284692452075          -1189.108210422866
           0.347018572825          -1189.284636413591          -1189.108196272396
           0.348973607038          -1189.284578543844          -1189.108180028218
           0.350928641251          -1189.284518823250          -1189.108161671604
           0.352883675464          -1189.284457232224          -1189.108141183827
           0.354838709677          -1189.284393751178          -1189.108118546157
           0.356793743891          -1189.284328360527          -1189.108093739868
           0.358748778104          -1189.284261040685          -1189.108066746232
           0.360703812317          -1189.284191772067          -1189.108037546521
           0.362658846530          -1189.284120535086          -1189.108006122006
           0.364613880743          -1189.284047310156          -1189.107972453961
           0.366568914956          -1189.283972077693          -1189.107936523657
           0.368523949169          -1189.283894818110          -1189.107898312367
           0.370478983382          -1189.283815511820          -1189.107857801362
           0.372434017595          -1189.283734139239          -1189.107814971915
           0.374389051808          -1189.283650680781          -1189.107769805299
           0.376344086022          -1189.283565116859          -1189.107722282785
           0.378299120235          -1189.283477427888          -1189.107672385645
           0.380254154448          -1189.283387594282          -1189.107620095152
           0.382209188661          -1189.283295596454          -1189.107565392577
           0.384164222874          -1189.283201414820          -1189.107508259194
           0.386119257087          -1189.283105029794          -1189.107448676274
           0.388074291300          -1189.283006421789          -1189.107386625090
           0.390029325513          -1189.282905571219          -1189.107322086913
           0.391984359726          -1189.282802458549          -1189.107255043067
           0.393939393939          -1189.282697066926          -1189.107185477688
           0.395894428152          -1189.282589383498          -1189.107113379102
           0.397849462366          -1189.282479395737          -1189.107038735973
           0.399804496579          -1189.282367091117          -1189.106961536969
           0.401759530792          -1189.282252457113          -1189.106881770758
           0.403714565005          -1189.282135481197          -1189.106799426004
           0.405669599218          -1189.282016150843          -1189.106714491375
           0.407624633431          -1189.281894453525          -1189.106626955537
           0.409579667644          -1189.281770376717          -1189.106536807158
           0.411534701857          -1189.281643907892          -1189.106444034902
           0.413489736070          -1189.281515034522          -1189.106348627438
           0.415444770283          -1189.281383744084          -1189.106250573432
           0.417399804497          -1189.281250024048          -1189.106149861550
           0.419354838710          -1189.281113861891          -1189.106046480459
           0.421309872923          -1189.280975245084          -1189.105940418825
           0.423264907136          -1189.280834161101          -1189.105831665315
           0.425219941349          -1189.280690597416          -1189.105720208596
           0.427174975562          -1189.280544541504          -1189.105606037334
           0.429130009775          -1189.280395980836          -1189.105489140197
           0.431085043988          -1189.280244902887          -1189.105369505849
           0.433040078201          -1189.280091295130          -1189.105247122959
           0.434995112414          -1189.279935145039          -1189.105121980192
           0.436950146628          -1189.279776440088          -1189.104994066216
           0.438905180841          -1189.279615167750          -1189.104863369696
           0.440860215054          -1189.279451315499          -1189.104729879300
           0.442815249267          -1189.279284870807          -1189.104593583693
           0.444770283480          -1189.279115821150          -1189.104454471543
           0.446725317693          -1189.278944154000          -1189.104312531517
           0.448680351906          -1189.278769856831          -1189.104167752280
           0.450635386119          -1189.278592917117          -1189.104020122499
           0.452590420332          -1189.278413322330          -1189.103869630842
           0.454545454545          -1189.278231059946          -1189.103716265974
           0.456500488759          -1189.278046117437          -1189.103560016562
           0.458455522972          -1189.277858482277          -1189.103400871273
           0.460410557185          -1189.277668141939          -1189.103238818773
           0.462365591398          -1189.277475083897          -1189.103073847729
           0.464320625611          -1189.277279295625          -1189.102905946807
           0.466275659824          -1189.277080764596          -1189.102735104675
           0.468230694037          -1189.276879478284          -1189.102561309998
           0.470185728250          -1189.276675424163          -1189.102384551444
           0.472140762463          -1189.276468589705          -1189.102204817678
           0.474095796676          -1189.276258962385          -1189.102022097368
           0.476050830890          -1189.276046529676          -1189.101836379180
           0.478005865103          -1189.275831279052          -1189.101647651780
           0.479960899316          -1189.275613199316          -1189.101455905165
           0.481915933529          -1189.275392287169          -1189.101261137225
           0.483870967742          -1189.275168542216          -1189.101063348753
           0.485826001955          -1189.274941964067          -1189.100862540547
           0.487781036168          -1189.274712552333          -1189.100658713407
           0.489736070381          -1189.274480306624          -1189.100451868129
           0.491691104594          -1189.274245226549          -1189.100242005513
           0.493646138807          -1189.274007311717          -1189.100029126356
           0.495601173021          -1189.273766561740          -1189.099813231456
           0.497556207234          -1189.273522976228          -1189.099594321613
           0.499511241447          -1189.273276554789          -1189.099372397623
           0.501466275660          -1189.273027297035          -1189.099147460285
           0.503421309873          -1189.272775202575          -1189.098919510398
           0.505376344086          -1189.272520271018          -1189.098688548760
           0.507331378299          -1189.272262501976          -1189.098454576168
           0.509286412512          -1189.272001895059          -1189.098217593421
           0.511241446725          -1189.271738449874          -1189.097977601317
           0.513196480938          -1189.271472166034          -1189.097734600655
           0.515151515152          -1189.271203043148          -1189.097488592232
           0.517106549365          -1189.270931080826          -1189.097239576846
           0.519061583578          -1189.270656278678          -1189.096987555297
           0.521016617791          -1189.270378636313          -1189.096732528382
           0.522971652004          -1189.270098153342          -1189.096474496899
           0.524926686217          -1189.269814829375          -1189.096213461647
           0.526881720430          -1189.269528664022          -1189.095949423423
           0.528836754643          -1189.269239656892          -1189.095682383026
           0.530791788856          -1189.268947807596          -1189.095412341254
           0.532746823069          -1189.268653115744          -1189.095139298906
           0.534701857283          -1189.268355580946          -1189.094863256779
           0.536656891496          -1189.268055202811          -1189.094584215671
           0.538611925709          -1189.267751980949          -1189.094302176382
           0.540566959922          -1189.267445914971          -1189.094017139709
           0.542521994135          -1189.267137004487          -1189.093729106449
           0.544477028348          -1189.266825249106          -1189.093438077402
           0.546432062561          -1189.266510648439          -1189.093144053366
           0.548387096774          -1189.266193202095          -1189.092847035139
           0.550342130987          -1189.265872909684          -1189.092547023518
           0.552297165200          -1189.265549770816          -1189.092244019303
           0.554252199413          -1189.265223785103          -1189.091938023292
           0.556207233627          -1189.264894952152          -1189.091629036281
           0.558162267840          -1189.264563271574          -1189.091317059071
           0.560117302053          -1189.264228742980          -1189.091002092459
           0.562072336266          -1189.263891365978          -1189.090684137243
           0.564027370479          -1189.263551140181          -1189.090363194221
           0.565982404692          -1189.263208065336          -1189.090039264328
           0.567937438905          -1189.262862146942          -1189.089712354084
           0.569892473118          -1189.262513398126          -1189.089382477428
           0.571847507331          -1189.262161832547          -1189.089049648811
           0.573802541544          -1189.261807463860          -1189.088713882686
           0.575757575758          -1189.261450305723          -1189.088375193502
           0.577712609971          -1189.261090371791          -1189.088033595713
           0.579667644184          -1189.260727675722          -1189.087689103770
           0.581622678397          -1189.260362231173          -1189.087341732124
           0.583577712610          -1189.259994051800          -1189.086991495227
           0.585532746823          -1189.259623151259          -1189.086638407531
           0.587487781036          -1189.259249543208          -1189.086282483487
           0.589442815249          -1189.258873241303          -1189.085923737547
           0.591397849462          -1189.258494259202          -1189.085562184163
           0.593352883675          -1189.258112610560          -1189.085197837785
           0.595307917889          -1189.257728309035          -1189.084830712867
           0.597262952102          -1189.257341368282          -1189.084460823858
           0.599217986315          -1189.256951801960          -1189.084088185211
           0.601173020528          -1189.256559623724          -1189.083712811378
           0.603128054741          -1189.256164847231          -1189.083334716810
           0.605083088954          -1189.255767486138          -1189.082953915959
           0.607038123167          -1189.255367554102          -1189.082570423276
           0.608993157380          -1189.254965064779          -1189.082184253213
           0.610948191593          -1189.254560031826          -1189.081795420222
           0.612903225806          -1189.254152468900          -1189.081403938754
           0.614858260020          -1189.253742389657          -1189.081009823260
           0.616813294233          -1189.253329807755          -1189.080613088193
           0.618768328446          -1189.252914736850          -1189.080213748004
           0.620723362659          -1189.252497190598          -1189.079811817145
           0.622678396872          -1189.252077182657          -1189.079407310067
           0.624633431085          -1189.251654726683          -1189.079000241222
           0.626588465298          -1189.251229836332          -1189.078590625061
           0.628543499511          -1189.250802525262          -1189.078178476036
           0.630498533724          -1189.250372807129          -1189.077763808599
           0.632453567937          -1189.249940695590          -1189.077346637202
           0.634408602151          -1189.249506204302          -1189.076926976295
           0.636363636364          -1189.249069346921          -1189.076504840330
           0.638318670577          -1189.248630137104          -1189.076080243760
           0.640273704790          -1189.248188588507          -1189.075653201036
           0.642228739003          -1189.247744714788          -1189.075223726609
           0.644183773216          -1189.247298529604          -1189.074791834930
           0.646138807429          -1189.246850046610          -1189.074357540453
           0.648093841642          -1189.246399279464          -1189.073920857627
           0.650048875855          -1189.245946241822          -1189.073481800905
           0.652003910068          -1189.245490947341          -1189.073040384739
           0.653958944282          -1189.245033411991          -1189.072596625871
           0.655913978495          -1189.244573663771          -1189.072150552950
           0.657869012708          -1189.244111734576          -1189.071702198485
           0.659824046921          -1189.243647656302          -1189.071251594986
           0.661779081134          -1189.243181460846          -1189.070798774962
           0.663734115347          -1189.242713180105          -1189.070343770925
           0.665689149560          -1189.242242845977          -1189.069886615384
           0.667644183773          -1189.241770490357          -1189.069427340849
           0.669599217986          -1189.241296145143          -1189.068965979829
           0.671554252199          -1189.240819842232          -1189.068502564835
           0.673509286413          -1189.240341613520          -1189.068037128377
           0.675464320626          -1189.239861490904          -1189.067569702965
           0.677419354839          -1189.239379506282          -1189.067100321109
           0.679374389052          -1189.238895691550          -1189.066629015319
           0.681329423265          -1189.238410078605          -1189.066155818104
           0.683284457478          -1189.237922699343          -1189.065680761975
           0.685239491691          -1189.237433585663          -1189.065203879443
           0.687194525904          -1189.236942769460          -1189.064725203016
           0.689149560117          -1189.236450282631          -1189.064244765204
           0.691104594330          -1189.235956157074          -1189.063762598519
           0.693059628543          -1189.235460424685          -1189.063278735470
           0.695014662757          -1189.234963117360          -1189.062793208566
           0.696969696970          -1189.234464266998          -1189.062306050318
           0.698924731183          -1189.233963905495          -1189.061817293236
           0.700879765396          -1189.233462064748          -1189.061326969829
           0.702834799609          -1189.232958776652          -1189.060835112609
           0.704789833822          -1189.232454073107          -1189.060341754084
           0.706744868035          -1189.231947986007          -1189.059846926765
           0.708699902248          -1189.231440547251          -1189.059350663163
           0.710654936461          -1189.230931788735          -1189.058852995785
           0.712609970674          -1189.230421742355          -1189.058353957143
           0.714565004888          -1189.229910440009          -1189.057853579748
           0.716520039101          -1189.229397913595          -1189.057351896108
           0.718475073314          -1189.228884195007          -1189.056848938734
           0.720430107527          -1189.228369316144          -1189.056344740135
           0.722385141740          -1189.227853308902          -1189.055839332822
           0.724340175953          -1189.227336205178          -1189.055332749305
           0.726295210166          -1189.226818036869          -1189.054825022094
           0.728250244379          -1189.226298835872          -1189.054316183698
           0.730205278592          -1189.225778634084          -1189.053806266628
           0.732160312805          -1189.225257463401          -1189.053295303395
           0.734115347019          -1189.224735355720          -1189.052783326506
           0.736070381232          -1189.224212342939          -1189.052270368474
           0.738025415445          -1189.223688456955          -1189.051756461806
           0.739980449658          -1189.223163729605          -1189.051241638963
           0.741935483871          -1189.222638190879          -1189.050725930712
           0.743890518084          -1189.222111868573          -1189.050209365828
           0.745845552297          -1189.221584790357          -1189.049691972968
           0.747800586510          -1189.221056983899          -1189.049173780787
           0.749755620723          -1189.220528476870          -1189.048654817944
           0.751710654936          -1189.219999296937          -1189.048135113094
           0.753665689150          -1189.219469471772          -1189.047614694895
           0.755620723363          -1189.218939029042          -1189.047093592003
           0.757575757576          -1189.218407996417          -1189.046571833077
           0.759530791789          -1189.217876401566          -1189.046049446770
           0.761485826002          -1189.217344272159          -1189.045526461743
           0.763440860215          -1189.216811635865          -1189.045002906650
           0.765395894428          -1189.216278520354          -1189.044478810149
           0.767350928641          -1189.215744953293          -1189.043954200896
           0.769305962854          -1189.215210962353          -1189.043429107550
           0.771260997067          -1189.214676575204          -1189.042903558765
           0.773216031281          -1189.214141819514          -1189.042377583200
           0.775171065494          -1189.213606722952          -1189.041851209510
           0.777126099707          -1189.213071313188          -1189.041324466354
           0.779081133920          -1189.212535617891          -1189.040797382387
           0.781036168133          -1189.211999664730          -1189.040269986268
           0.782991202346          -1189.211463481375          -1189.039742306651
           0.784946236559          -1189.210927095496          -1189.039214372195
           0.786901270772          -1189.210390534760          -1189.038686211556
           0.788856304985          -1189.209853826838          -1189.038157853391
           0.790811339198          -1189.209316999398          -1189.037629326356
           0.792766373412          -1189.208780080111          -1189.037100659110
           0.794721407625          -1189.208243096644          -1189.036571880308
           0.796676441838          -1189.207706076669          -1189.036043018608
           0.798631476051          -1189.207169047853          -1189.035514102666
           0.800586510264          -1189.206632037866          -1189.034985161139
           0.802541544477          -1189.206095074378          -1189.034456222684
           0.804496578690          -1189.205558185057          -1189.033927315957
           0.806451612903          -1189.205021397573          -1189.033398469617
           0.808406647116          -1189.204484739595          -1189.032869712319
           0.810361681329          -1189.203948238793          -1189.032341072720
           0.812316715543          -1189.203411922836          -1189.031812579478
           0.814271749756          -1189.202875819392          -1189.031284261249
           0.816226783969          -1189.202339956132          -1189.030756146690
           0.818181818182          -1189.201804360725          -1189.030228264457
           0.820136852395          -1189.201269060839          -1189.029700643208
           0.822091886608          -1189.200734084144          -1189.029173311600
           0.824046920821          -1189.200199458310          -1189.028646298289
           0.826001955034          -1189.199665211006          -1189.028119631932
           0.827956989247          -1189.199131375960          -1189.027593347201
           0.829912023460          -1189.198598014526          -1189.027067506179
           0.831867057674          -1189.198065195921          -1189.026542178757
           0.833822091887          -1189.197532989364          -1189.026017434828
           0.835777126100          -1189.197001464076          -1189.025493344284
           0.837732160313          -1189.196470689274          -1189.024969977015
           0.839687194526          -1189.195940734177          -1189.024447402913
           0.841642228739          -1189.195411668006          -1189.023925691871
           0.843597262952          -1189.194883559978          -1189.023404913780
           0.845552297165          -1189.194356479313          -1189.022885138531
           0.847507331378          -1189.193830495229          -1189.022366436017
           0.849462365591          -1189.193305676947          -1189.021848876129
           0.851417399804          -1189.192782093684          -1189.021332528758
           0.853372434018          -1189.192259814660          -1189.020817463797
           0.855327468231          -1189.191738909095          -1189.020303751137
           0.857282502444          -1189.191219446206          -1189.019791460669
           0.859237536657          -1189.190701495213          -1189.019280662287
           0.861192570870          -1189.190185125335          -1189.018771425880
           0.863147605083          -1189.189670405792          -1189.018263821342
           0.865102639296          -1189.189157405801          -1189.017757918563
           0.867057673509          -1189.188646194582          -1189.017253787435
           0.869012707722          -1189.188136841355          -1189.016751497850
           0.870967741935          -1189.187629415338          -1189.016251119701
           0.872922776149          -1189.187123985750          -1189.015752722877
           0.874877810362          -1189.186620621810          -1189.015256377272
           0.876832844575          -1189.186119392738          -1189.014762152776
           0.878787878788          -1189.185620367752          -1189.014270119282
           0.880742913001          -1189.185123616071          -1189.013780346682
           0.882697947214          -1189.184629206915          -1189.013292904865
           0.884652981427          -1189.184137209502          -1189.012807863726
           0.886608015640          -1189.183647693052          -1189.012325293156
           0.888563049853          -1189.183160726782          -1189.011845263044
           0.890518084066          -1189.182676379914          -1189.011367843285
           0.892473118280          -1189.182194721665          -1189.010893103769
           0.894428152493          -1189.181715821255          -1189.010421114389
           0.896383186706          -1189.181239747902          -1189.009951945035
           0.898338220919          -1189.180766570825          -1189.009485665599
           0.900293255132          -1189.180296359245          -1189.009022345974
           0.902248289345          -1189.179829182379          -1189.008562056051
           0.904203323558          -1189.179365109447          -1189.008104865721
           0.906158357771          -1189.178904209668          -1189.007650844877
           0.908113391984          -1189.178446552260          -1189.007200063410
           0.910068426197          -1189.177992206443          -1189.006752591211
           0.912023460411          -1189.177541241436          -1189.006308498173
           0.913978494624          -1189.177093723048          -1189.005867850764
           0.915933528837          -1189.176649630114          -1189.005430628179
           0.917888563050          -1189.176208849483          -1189.004996717302
           0.919843597263          -1189.175771263589          -1189.004566000588
           0.921798631476          -1189.175336754865          -1189.004138360491
           0.923753665689          -1189.174905205743          -1189.003713679467
           0.925708699902          -1189.174476498659          -1189.003291839969
           0.927663734115          -1189.174050516045          -1189.002872724451
           0.929618768328          -1189.173627140334          -1189.002456215369
           0.931573802542          -1189.173206253960          -1189.002042195177
           0.933528836755          -1189.172787739355          -1189.001630546328
           0.935483870968          -1189.172371478955          -1189.001221151278
           0.937438905181          -1189.171957355190          -1189.000813892481
           0.939393939394          -1189.171545250496          -1189.000408652392
           0.941348973607          -1189.171135047305          -1189.000005313464
           0.943304007820          -1189.170726628051          -1188.999603758153
           0.945259042033          -1189.170319875167          -1188.999203868912
           0.947214076246          -1189.169914671086          -1188.998805528197
           0.949169110459          -1189.169510898241          -1188.998408618462
           0.951124144673          -1189.169108439067          -1188.998013022161
           0.953079178886          -1189.168707175997          -1188.997618621748
           0.955034213099          -1189.168306991463          -1188.997225299678
           0.956989247312          -1189.167907767899          -1188.996832938406
           0.958944281525          -1189.167509387738          -1188.996441420386
           0.960899315738          -1189.167111733414          -1188.996050628072
           0.962854349951          -1189.166714687361          -1188.995660443920
           0.964809384164          -1189.166318132011          -1188.995270750382
           0.966764418377          -1189.165921949797          -1188.994881429914
           0.968719452590          -1189.165526023154          -1188.994492364971
           0.970674486804          -1189.165130234514          -1188.994103438006
           0.972629521017          -1189.164734466311          -1188.993714531474
           0.974584555230          -1189.164338600978          -1188.993325527830
           0.976539589443          -1189.163942520948          -1188.992936309528
           0.978494623656          -1189.163546108655          -1188.992546759023
           0.980449657869          -1189.163149246533          -1188.992156758768
           0.982404692082          -1189.162751817014          -1188.991766191218
           0.984359726295          -1189.162353702531          -1188.991374938829
           0.986314760508          -1189.161954785520          -1188.990982884053
           0.988269794721          -1189.161554948411          -1188.990589909347
           0.990224828935          -1189.161154073639          -1188.990195897163
           0.992179863148          -1189.160752043638          -1188.989800729958
           0.994134897361          -1189.160348740840          -1188.989404290184
           0.996089931574          -1189.159944047678          -1188.989006460297
           0.998044965787          -1189.159537846587          -1188.988607122751
           1.000000000000          -1189.159130020000          -1188.988206160000
