          -1.000000000000          -1187.583809960000          -1187.373775590000
          -0.998044965787          -1187.602732649600          -1187.392721517416
          -0.996089931574          -1187.621808232894          -1187.411820364404
          -0.994134897361          -1187.641025651598          -1187.431061070811
          -0.992179863148          -1187.660373847427          -1187.450432576479
          -0.990224828935          -1187.679841762098          -1187.469923821253
          -0.988269794721          -1187.699418337329          -1187.489523744979
          -0.986314760508          -1187.719092514834          -1187.509221287501
          -0.984359726295          -1187.738853236330          -1187.529005388662
          -0.982404692082          -1187.758689443534          -1187.548864988309
          -0.980449657869          -1187.778590078163          -1187.568789026285
          -0.978494623656          -1187.798544081931          -1187.588766442434
          -0.976539589443          -1187.818540396556          -1187.608786176602
          -0.974584555230          -1187.838567963754          -1187.628837168633
          -0.972629521017          -1187.858615725241          -1187.648908358372
          -0.970674486804          -1187.878672622734          -1187.668988685662
          -0.968719452590          -1187.898727597949          -1187.689067090349
          -0.966764418377          -1187.918769592602          -1187.709132512278
          -0.964809384164          -1187.938787548410          -1187.729173891292
          -0.962854349951          -1187.958770407089          -1187.749180167236
          -0.960899315738          -1187.978707110355          -1187.769140279955
          -0.958944281525          -1187.998586599925          -1187.789043169293
          -0.956989247312          -1188.018397817514          -1187.808877775095
          -0.955034213099          -1188.038129704840          -1187.828633037205
          -0.953079178886          -1188.057771203619          -1187.848297895469
          -0.951124144673          -1188.077311255566          -1187.867861289730
          -0.949169110459          -1188.096738802399          -1187.887312159833
          -0.947214076246          -1188.116042785834          -1187.906639445623
          -0.945259042033          -1188.135212147586          -1187.925832086944
          -0.943304007820          -1188.154235829373          -1187.944879023640
          -0.941348973607          -1188.173102772910          -1187.963769195557
          -0.939393939394          -1188.191801919914          -1187.982491542538
          -0.937438905181          -1188.210322212102          -1188.001035004429
          -0.935483870968          -1188.228652591189          -1188.019388521074
          -0.933528836755          -1188.246781998892          -1188.037541032317
          -0.931573802542          -1188.264699376928          -1188.055481478003
          -0.929618768328          -1188.282393667012          -1188.073198797977
          -0.927663734115          -1188.299853810860          -1188.090681932082
          -0.925708699902          -1188.317068750191          -1188.107919820165
          -0.923753665689          -1188.334027426719          -1188.124901402068
          -0.921798631476          -1188.350718782161          -1188.141615617637
          -0.919843597263          -1188.367131758233          -1188.158051406717
          -0.917888563050          -1188.383255296652          -1188.174197709151
          -0.915933528837          -1188.399078339133          -1188.190043464784
          -0.913978494624          -1188.414589827394          -1188.205577613462
          -0.912023460411          -1188.429779106883          -1188.220789498843
          -0.910068426197          -1188.444643934763          -1188.235676878043
          -0.908113391984          -1188.459190021164          -1188.250245462783
          -0.906158357771          -1188.473423388109          -1188.264501276747
          -0.904203323558          -1188.487350057620          -1188.278450343616
          -0.902248289345          -1188.500976051723          -1188.292098687071
          -0.900293255132          -1188.514307392438          -1188.305452330795
          -0.898338220919          -1188.527350101790          -1188.318517298468
          -0.896383186706          -1188.540110201801          -1188.331299613772
          -0.894428152493          -1188.552593714495          -1188.343805300390
          -0.892473118280          -1188.564806661894          -1188.356040382002
          -0.890518084066          -1188.576755066021          -1188.368010882290
          -0.888563049853          -1188.588444948901          -1188.379722824936
          -0.886608015640          -1188.599882332555          -1188.391182233622
          -0.884652981427          -1188.611073239007          -1188.402395132028
          -0.882697947214          -1188.622023690280          -1188.413367543838
          -0.880742913001          -1188.632739708396          -1188.424105492731
          -0.878787878788          -1188.643227315379          -1188.434615002391
          -0.876832844575          -1188.653492533253          -1188.444902096497
          -0.874877810362          -1188.663541384039          -1188.454972798733
          -0.872922776149          -1188.673379889762          -1188.464833132780
          -0.870967741935          -1188.683014072444          -1188.474489122319
          -0.869012707722          -1188.692449954108          -1188.483946791032
          -0.867057673509          -1188.701693556777          -1188.493212162601
          -0.865102639296          -1188.710750902475          -1188.502291260706
          -0.863147605083          -1188.719628013224          -1188.511190109031
          -0.861192570870          -1188.728330911048          -1188.519914731256
          -0.859237536657          -1188.736865617969          -1188.528471151063
          -0.857282502444          -1188.745238156011          -1188.536865392134
          -0.855327468231          -1188.753454547197          -1188.545103478149
          -0.853372434018          -1188.761520813549          -1188.553191432792
          -0.851417399804          -1188.769442977091          -1188.561135279743
          -0.849462365591          -1188.777227059846          -1188.568941042685
          -0.847507331378          -1188.784879083837          -1188.576614745298
          -0.845552297165          -1188.792405071087          -1188.584162411264
          -0.843597262952          -1188.799811043619          -1188.591590064266
          -0.841642228739          -1188.807103023456          -1188.598903727983
          -0.839687194526          -1188.814287032621          -1188.606109426100
          -0.837732160313          -1188.821369093138          -1188.613213182296
          -0.835777126100          -1188.828355227028          -1188.620221020253
          -0.833822091887          -1188.835251456316          -1188.627138963654
          -0.831867057674          -1188.842063803025          -1188.633973036178
          -0.829912023460          -1188.848798289177          -1188.640729261509
          -0.827956989247          -1188.855460936795          -1188.647413663328
          -0.826001955034          -1188.862057767820          -1188.654032265233
          -0.824046920821          -1188.868593648511          -1188.660589934960
          -0.822091886608          -1188.875069386894          -1188.667087481369
          -0.820136852395          -1188.881484900689          -1188.673524822873
          -0.818181818182          -1188.887840107616          -1188.679901877884
          -0.816226783969          -1188.894134925394          -1188.686218564815
          -0.814271749756          -1188.900369271744          -1188.692474802080
          -0.812316715543          -1188.906543064384          -1188.698670508091
          -0.810361681329          -1188.912656221035          -1188.704805601261
          -0.808406647116          -1188.918708659417          -1188.710880000003
          -0.806451612903          -1188.924700297248          -1188.716893622729
          -0.804496578690          -1188.930631052250          -1188.722846387854
          -0.802541544477          -1188.936500842141          -1188.728738213788
          -0.800586510264          -1188.942309584642          -1188.734569018947
          -0.798631476051          -1188.948057197471          -1188.740338721741
          -0.796676441838          -1188.953743598350          -1188.746047240585
          -0.794721407625          -1188.959368704997          -1188.751694493891
          -0.792766373412          -1188.964932435133          -1188.757280400072
          -0.790811339198          -1188.970434706477          -1188.762804877541
          -0.788856304985          -1188.975875436749          -1188.768267844711
          -0.786901270772          -1188.981254543668          -1188.773669219994
          -0.784946236559          -1188.986571944955          -1188.779008921803
          -0.782991202346          -1188.991827558329          -1188.784286868552
          -0.781036168133          -1188.997021301510          -1188.789502978654
          -0.779081133920          -1189.002153092217          -1188.794657170521
          -0.777126099707          -1189.007222848171          -1188.799749362565
          -0.775171065494          -1189.012230487091          -1188.804779473201
          -0.773216031281          -1189.017175926697          -1188.809747420840
          -0.771260997067          -1189.022059084709          -1188.814653123896
          -0.769305962854          -1189.026879878846          -1188.819496500782
          -0.767350928641          -1189.031638226828          -1188.824277469910
          -0.765395894428          -1189.036334046375          -1188.828995949694
          -0.763440860215          -1189.040967255207          -1188.833651858545
          -0.761485826002          -1189.045537771043          -1188.838245114878
          -0.759530791789          -1189.050045511604          -1188.842775637105
          -0.757575757576          -1189.054490394608          -1188.847243343639
          -0.755620723363          -1189.058872337776          -1188.851648152893
          -0.753665689150          -1189.063191258827          -1188.855989983279
          -0.751710654936          -1189.067447075482          -1188.860268753210
          -0.749755620723          -1189.071639705459          -1188.864484381101
          -0.747800586510          -1189.075769066479          -1188.868636785362
          -0.745845552297          -1189.079835076262          -1188.872725884408
          -0.743890518084          -1189.083837652526          -1188.876751596651
          -0.741935483871          -1189.087776712993          -1188.880713840503
          -0.739980449658          -1189.091652175381          -1188.884612534379
          -0.738025415445          -1189.095463984768          -1188.888447624051
          -0.736070381232          -1189.099212558214          -1188.892219527314
          -0.734115347019          -1189.102898711070          -1188.895929060289
          -0.732160312805          -1189.106523271174          -1188.899577051586
          -0.730205278592          -1189.110087066360          -1188.903164329811
          -0.728250244379          -1189.113590924467          -1188.906691723573
          -0.726295210166          -1189.117035673331          -1188.910160061481
          -0.724340175953          -1189.120422140791          -1188.913570172142
          -0.722385141740          -1189.123751154682          -1188.916922884165
          -0.720430107527          -1189.127023542841          -1188.920219026158
          -0.718475073314          -1189.130240133106          -1188.923459426729
          -0.716520039101          -1189.133401753313          -1188.926644914486
          -0.714565004888          -1189.136509231300          -1188.929776318038
          -0.712609970674          -1189.139563394903          -1188.932854465992
          -0.710654936461          -1189.142565071959          -1188.935880186957
          -0.708699902248          -1189.145515090305          -1188.938854309541
          -0.706744868035          -1189.148414277779          -1188.941777662352
          -0.704789833822          -1189.151263462217          -1188.944651073999
          -0.702834799609          -1189.154063471456          -1188.947475373089
          -0.700879765396          -1189.156815133333          -1188.950251388231
          -0.698924731183          -1189.159519275685          -1188.952979948033
          -0.696969696970          -1189.162176726349          -1188.955661881103
          -0.695014662757          -1189.164788313162          -1188.958298016049
          -0.693059628543          -1189.167354863961          -1188.960889181480
          -0.691104594330          -1189.169877206583          -1188.963436206003
          -0.689149560117          -1189.172356168864          -1188.965939918227
          -0.687194525904          -1189.174792578643          -1188.968401146760
          -0.685239491691          -1189.177187263755          -1188.970820720211
          -0.683284457478          -1189.179541052038          -1188.973199467187
          -0.681329423265          -1189.181854771328          -1188.975538216296
          -0.679374389052          -1189.184129249463          -1188.977837796147
          -0.677419354839          -1189.186365314280          -1188.980099035348
          -0.675464320626          -1189.188563793615          -1188.982322762507
          -0.673509286413          -1189.190725515306          -1188.984509806233
          -0.671554252199          -1189.192851307189          -1188.986660995133
          -0.669599217986          -1189.194941997102          -1188.988777157816
          -0.667644183773          -1189.196998412880          -1188.990859122889
          -0.665689149560          -1189.199021382363          -1188.992907718962
          -0.663734115347          -1189.201011733385          -1188.994923774642
          -0.661779081134          -1189.202970293785          -1188.996908118537
          -0.659824046921          -1189.204897891399          -1188.998861579256
          -0.657869012708          -1189.206795354065          -1189.000784985407
          -0.655913978495          -1189.208663509618          -1189.002679165598
          -0.653958944282          -1189.210503185896          -1189.004544948436
          -0.652003910068          -1189.212315210670          -1189.006383162465
          -0.650048875855          -1189.214100282606          -1189.008194507102
          -0.648093841642          -1189.215858701837          -1189.009979283172
          -0.646138807429          -1189.217590691842          -1189.011737714834
          -0.644183773216          -1189.219296476095          -1189.013470026244
          -0.642228739003          -1189.220976278076          -1189.015176441560
          -0.640273704790          -1189.222630321260          -1189.016857184939
          -0.638318670577          -1189.224258829125          -1189.018512480539
          -0.636363636364          -1189.225862025146          -1189.020142552516
          -0.634408602151          -1189.227440132802          -1189.021747625028
          -0.632453567937          -1189.228993375569          -1189.023327922232
          -0.630498533724          -1189.230521976924          -1189.024883668286
          -0.628543499511          -1189.232026160344          -1189.026415087346
          -0.626588465298          -1189.233506149306          -1189.027922403571
          -0.624633431085          -1189.234962167286          -1189.029405841116
          -0.622678396872          -1189.236394437761          -1189.030865624141
          -0.620723362659          -1189.237803184209          -1189.032301976801
          -0.618768328446          -1189.239188630106          -1189.033715123255
          -0.616813294233          -1189.240550998930          -1189.035105287658
          -0.614858260020          -1189.241890514156          -1189.036472694169
          -0.612903225806          -1189.243207399262          -1189.037817566946
          -0.610948191593          -1189.244501877725          -1189.039140130145
          -0.608993157380          -1189.245774173022          -1189.040440607923
          -0.607038123167          -1189.247024508629          -1189.041719224438
          -0.605083088954          -1189.248253108024          -1189.042976203847
          -0.603128054741          -1189.249460194683          -1189.044211770307
          -0.601173020528          -1189.250645992083          -1189.045426147976
          -0.599217986315          -1189.251810723702          -1189.046619561011
          -0.597262952102          -1189.252954613015          -1189.047792233569
          -0.595307917889          -1189.254077883501          -1189.048944389807
          -0.593352883675          -1189.255180758635          -1189.050076253883
          -0.591397849462          -1189.256263461895          -1189.051188049954
          -0.589442815249          -1189.257326216757          -1189.052280002178
          -0.587487781036          -1189.258369246699          -1189.053352334711
          -0.585532746823          -1189.259392775197          -1189.054405271710
          -0.583577712610          -1189.260397025728          -1189.055439037335
          -0.581622678397          -1189.261382221770          -1189.056453855740
          -0.579667644184          -1189.262348586798          -1189.057449951084
          -0.577712609971          -1189.263296344290          -1189.058427547524
          -0.575757575758          -1189.264225717724          -1189.059386869217
          -0.573802541544          -1189.265136930574          -1189.060328140321
          -0.571847507331          -1189.266030206319          -1189.061251584992
          -0.569892473118          -1189.266905768436          -1189.062157427388
          -0.567937438905          -1189.267763840401          -1189.063045891667
          -0.565982404692          -1189.268604645691          -1189.063917201985
          -0.564027370479          -1189.269428406728          -1189.064771581480
          -0.562072336266          -1189.270235330651          -1189.065609238512
          -0.560117302053          -1189.271025613099          -1189.066430370323
          -0.558162267840          -1189.271799449428          -1189.067235173881
          -0.556207233627          -1189.272557034997          -1189.068023846154
          -0.554252199413          -1189.273298565161          -1189.068796584113
          -0.552297165200          -1189.274024235276          -1189.069553584723
          -0.550342130987          -1189.274734240701          -1189.070295044955
          -0.548387096774          -1189.275428776792          -1189.071021161777
          -0.546432062561          -1189.276108038905          -1189.071732132158
          -0.544477028348          -1189.276772222398          -1189.072428153066
          -0.542521994135          -1189.277421522627          -1189.073109421470
          -0.540566959922          -1189.278056134950          -1189.073776134338
          -0.538611925709          -1189.278676254722          -1189.074428488638
          -0.536656891496          -1189.279282077301          -1189.075066681341
          -0.534701857283          -1189.279873798044          -1189.075690909413
          -0.532746823069          -1189.280451612308          -1189.076301369824
          -0.530791788856          -1189.281015715448          -1189.076898259542
          -0.528836754643          -1189.281566302823          -1189.077481775536
          -0.526881720430          -1189.282103569789          -1189.078052114775
          -0.524926686217          -1189.282627711703          -1189.078609474226
          -0.522971652004          -1189.283138923921          -1189.079154050859
          -0.521016617791          -1189.283637401801          -1189.079686041641
          -0.519061583578          -1189.284123340700          -1189.080205643543
          -0.517106549365          -1189.284596935973          -1189.080713053532
          -0.515151515152          -1189.285058382978          -1189.081208468577
          -0.513196480938          -1189.285507877072          -1189.081692085646
          -0.511241446725          -1189.285945613612          -1189.082164101708
          -0.509286412512          -1189.286371787954          -1189.082624713732
          -0.507331378299          -1189.286786595455          -1189.083074118686
          -0.505376344086          -1189.287190231473          -1189.083512513538
          -0.503421309873          -1189.287582891364          -1189.083940095258
          -0.501466275660          -1189.287964770484          -1189.084357060814
          -0.499511241447          -1189.288336064191          -1189.084763607174
          -0.497556207234          -1189.288696967841          -1189.085159931307
          -0.495601173021          -1189.289047676792          -1189.085546230182
          -0.493646138807          -1189.289388386399          -1189.085922700767
          -0.491691104594          -1189.289719292021          -1189.086289540031
          -0.489736070381          -1189.290040589014          -1189.086646944942
          -0.487781036168          -1189.290352472734          -1189.086995112470
          -0.485826001955          -1189.290655138538          -1189.087334239581
          -0.483870967742          -1189.290948781784          -1189.087664523246
          -0.481915933529          -1189.291233597828          -1189.087986160433
          -0.479960899316          -1189.291509782027          -1189.088299348110
          -0.478005865103          -1189.291777529701          -1189.088604283208
          -0.476050830890          -1189.292037012652          -1189.088901139128
          -0.474095796676          -1189.292288338732          -1189.089190025269
          -0.472140762463          -1189.292531605025          -1189.089471040261
          -0.470185728250          -1189.292766908617          -1189.089744282732
          -0.468230694037          -1189.292994346592          -1189.090009851312
          -0.466275659824          -1189.293214016034          -1189.090267844628
          -0.464320625611          -1189.293426014029          -1189.090518361308
          -0.462365591398          -1189.293630437662          -1189.090761499983
          -0.460410557185          -1189.293827384016          -1189.090997359279
          -0.458455522972          -1189.294016950178          -1189.091226037825
          -0.456500488759          -1189.294199233231          -1189.091447634251
          -0.454545454545          -1189.294374330261          -1189.091662247184
          -0.452590420332          -1189.294542338351          -1189.091869975252
          -0.450635386119          -1189.294703354588          -1189.092070917085
          -0.448680351906          -1189.294857476056          -1189.092265171312
          -0.446725317693          -1189.295004799839          -1189.092452836559
          -0.444770283480          -1189.295145423022          -1189.092634011457
          -0.442815249267          -1189.295279442691          -1189.092808794633
          -0.440860215054          -1189.295406955929          -1189.092977284716
          -0.438905180841          -1189.295528059822          -1189.093139580334
          -0.436950146628          -1189.295642851455          -1189.093295780117
          -0.434995112414          -1189.295751427912          -1189.093445982692
          -0.433040078201          -1189.295853886277          -1189.093590286688
          -0.431085043988          -1189.295950323636          -1189.093728790733
          -0.429130009775          -1189.296040837075          -1189.093861593457
          -0.427174975562          -1189.296125523676          -1189.093988793487
          -0.425219941349          -1189.296204480525          -1189.094110489451
          -0.423264907136          -1189.296277804707          -1189.094226779980
          -0.421309872923          -1189.296345593307          -1189.094337763700
          -0.419354838710          -1189.296407943409          -1189.094443539241
          -0.417399804497          -1189.296464952098          -1189.094544205231
          -0.415444770283          -1189.296516716459          -1189.094639860299
          -0.413489736070          -1189.296563333577          -1189.094730603072
          -0.411534701857          -1189.296604900537          -1189.094816532180
          -0.409579667644          -1189.296641514422          -1189.094897746251
          -0.407624633431          -1189.296673272319          -1189.094974343914
          -0.405669599218          -1189.296700271312          -1189.095046423796
          -0.403714565005          -1189.296722608485          -1189.095114084528
          -0.401759530792          -1189.296740380923          -1189.095177424736
          -0.399804496579          -1189.296753685712          -1189.095236543050
          -0.397849462366          -1189.296762619935          -1189.095291538097
          -0.395894428152          -1189.296767280679          -1189.095342508508
          -0.393939393939          -1189.296767765026          -1189.095389552909
          -0.391984359726          -1189.296764170063          -1189.095432769931
          -0.390029325513          -1189.296756591261          -1189.095472256534
          -0.388074291300          -1189.296745104308          -1189.095508089252
          -0.386119257087          -1189.296729771616          -1189.095540330909
          -0.384164222874          -1189.296710655356          -1189.095569044077
          -0.382209188661          -1189.296687817695          -1189.095594291328
          -0.380254154448          -1189.296661320802          -1189.095616135232
          -0.378299120235          -1189.296631226847          -1189.095634638363
          -0.376344086022          -1189.296597597997          -1189.095649863291
          -0.374389051808          -1189.296560496422          -1189.095661872588
          -0.372434017595          -1189.296519984289          -1189.095670728826
          -0.370478983382          -1189.296476123768          -1189.095676494576
          -0.368523949169          -1189.296428977027          -1189.095679232410
          -0.366568914956          -1189.296378606236          -1189.095679004900
          -0.364613880743          -1189.296325073562          -1189.095675874617
          -0.362658846530          -1189.296268441174          -1189.095669904132
          -0.360703812317          -1189.296208771241          -1189.095661156019
          -0.358748778104          -1189.296146125932          -1189.095649692847
          -0.356793743891          -1189.296080567415          -1189.095635577189
          -0.354838709677          -1189.296012157860          -1189.095618871616
          -0.352883675464          -1189.295940959434          -1189.095599638701
          -0.350928641251          -1189.295867034306          -1189.095577941014
          -0.348973607038          -1189.295790444645          -1189.095553841127
          -0.347018572825          -1189.295711252620          -1189.095527401613
          -0.345063538612          -1189.295629520399          -1189.095498685041
          -0.343108504399          -1189.295545310152          -1189.095467753986
          -0.341153470186          -1189.295458684046          -1189.095434671016
          -0.339198435973          -1189.295369704250          -1189.095399498706
          -0.337243401760          -1189.295278432933          -1189.095362299625
          -0.335288367546          -1189.295184932264          -1189.095323136346
          -0.333333333333          -1189.295089264412          -1189.095282071440
          -0.331378299120          -1189.294991491544          -1189.095239167479
          -0.329423264907          -1189.294891675830          -1189.095194487035
          -0.327468230694          -1189.294789879438          -1189.095148092679
          -0.325513196481          -1189.294686164538          -1189.095100046983
          -0.323558162268          -1189.294580593297          -1189.095050412518
          -0.321603128055          -1189.294473227884          -1189.094999251857
          -0.319648093842          -1189.294364130469          -1189.094946627570
          -0.317693059629          -1189.294253363219          -1189.094892602229
          -0.315738025415          -1189.294140988304          -1189.094837238407
          -0.313782991202          -1189.294027067891          -1189.094780598674
          -0.311827956989          -1189.293911664151          -1189.094722745603
          -0.309872922776          -1189.293794839250          -1189.094663741764
          -0.307917888563          -1189.293676655359          -1189.094603649730
          -0.305962854350          -1189.293557174646          -1189.094542532072
          -0.304007820137          -1189.293436459254          -1189.094480451336
          -0.302052785924          -1189.293314563945          -1189.094417462359
          -0.300097751711          -1189.293191525754          -1189.094353601465
          -0.298142717498          -1189.293067379107          -1189.094288902257
          -0.296187683284          -1189.292942158434          -1189.094223398341
          -0.294232649071          -1189.292815898164          -1189.094157123320
          -0.292277614858          -1189.292688632724          -1189.094090110798
          -0.290322580645          -1189.292560396544          -1189.094022394379
          -0.288367546432          -1189.292431224053          -1189.093954007668
          -0.286412512219          -1189.292301149678          -1189.093884984268
          -0.284457478006          -1189.292170207848          -1189.093815357783
          -0.282502443793          -1189.292038432991          -1189.093745161817
          -0.280547409580          -1189.291905859538          -1189.093674429975
          -0.278592375367          -1189.291772521915          -1189.093603195860
          -0.276637341153          -1189.291638454551          -1189.093531493077
          -0.274682306940          -1189.291503691876          -1189.093459355229
          -0.272727272727          -1189.291368268317          -1189.093386815920
          -0.270772238514          -1189.291232218303          -1189.093313908755
          -0.268817204301          -1189.291095576262          -1189.093240667338
          -0.266862170088          -1189.290958376624          -1189.093167125272
          -0.264907135875          -1189.290820653817          -1189.093093316162
          -0.262952101662          -1189.290682442269          -1189.093019273611
          -0.260997067449          -1189.290543776408          -1189.092945031224
          -0.259042033236          -1189.290404690665          -1189.092870622605
          -0.257086999022          -1189.290265219466          -1189.092796081357
          -0.255131964809          -1189.290125397240          -1189.092721441086
          -0.253176930596          -1189.289985258417          -1189.092646735394
          -0.251221896383          -1189.289844837424          -1189.092571997885
          -0.249266862170          -1189.289704168691          -1189.092497262166
          -0.247311827957          -1189.289563286645          -1189.092422561837
          -0.245356793744          -1189.289422225715          -1189.092347930505
          -0.243401759531          -1189.289281020331          -1189.092273401772
          -0.241446725318          -1189.289139704920          -1189.092199009244
          -0.239491691105          -1189.288998313910          -1189.092124786523
          -0.237536656891          -1189.288856881731          -1189.092050767215
          -0.235581622678          -1189.288715442812          -1189.091976984923
          -0.233626588465          -1189.288574031579          -1189.091903473251
          -0.231671554252          -1189.288432682463          -1189.091830265803
          -0.229716520039          -1189.288291429892          -1189.091757396183
          -0.227761485826          -1189.288150308294          -1189.091684897996
          -0.225806451613          -1189.288009352098          -1189.091612804845
          -0.223851417400          -1189.287868595732          -1189.091541150333
          -0.221896383187          -1189.287728073625          -1189.091469968067
          -0.219941348974          -1189.287587820205          -1189.091399291648
          -0.217986314761          -1189.287447869902          -1189.091329154683
          -0.216031280547          -1189.287308256210          -1189.091259589764
          -0.214076246334          -1189.287169002842          -1189.091190618904
          -0.212121212121          -1189.287030127666          -1189.091122257795
          -0.210166177908          -1189.286891648473          -1189.091054522043
          -0.208211143695          -1189.286753583055          -1189.090987427257
          -0.206256109482          -1189.286615949202          -1189.090920989041
          -0.204301075269          -1189.286478764704          -1189.090855223004
          -0.202346041056          -1189.286342047354          -1189.090790144753
          -0.200391006843          -1189.286205814941          -1189.090725769895
          -0.198435972630          -1189.286070085256          -1189.090662114036
          -0.196480938416          -1189.285934876090          -1189.090599192784
          -0.194525904203          -1189.285800205235          -1189.090537021745
          -0.192570869990          -1189.285666090480          -1189.090475616527
          -0.190615835777          -1189.285532549618          -1189.090414992737
          -0.188660801564          -1189.285399600437          -1189.090355165981
          -0.186705767351          -1189.285267260731          -1189.090296151867
          -0.184750733138          -1189.285135548288          -1189.090237966001
          -0.182795698925          -1189.285004480901          -1189.090180623992
          -0.180840664712          -1189.284874076359          -1189.090124141445
          -0.178885630499          -1189.284744352455          -1189.090068533967
          -0.176930596285          -1189.284615326978          -1189.090013817167
          -0.174975562072          -1189.284487017719          -1189.089960006650
          -0.173020527859          -1189.284359442470          -1189.089907118024
          -0.171065493646          -1189.284232619021          -1189.089855166895
          -0.169110459433          -1189.284106565163          -1189.089804168871
          -0.167155425220          -1189.283981298687          -1189.089754139559
          -0.165200391007          -1189.283856837383          -1189.089705094566
          -0.163245356794          -1189.283733199044          -1189.089657049498
          -0.161290322581          -1189.283610401458          -1189.089610019963
          -0.159335288368          -1189.283488462417          -1189.089564021568
          -0.157380254154          -1189.283367399713          -1189.089519069919
          -0.155425219941          -1189.283247231135          -1189.089475180625
          -0.153470185728          -1189.283127974475          -1189.089432369291
          -0.151515151515          -1189.283009647524          -1189.089390651524
          -0.149560117302          -1189.282892268072          -1189.089350042933
          -0.147605083089          -1189.282775853911          -1189.089310559123
          -0.145650048876          -1189.282660422830          -1189.089272215703
          -0.143695014663          -1189.282545992621          -1189.089235028277
          -0.141739980450          -1189.282432581075          -1189.089199012455
          -0.139784946237          -1189.282320205983          -1189.089164183843
          -0.137829912023          -1189.282208885135          -1189.089130558047
          -0.135874877810          -1189.282098636323          -1189.089098150675
          -0.133919843597          -1189.281989477336          -1189.089066977334
          -0.131964809384          -1189.281881425967          -1189.089037053631
          -0.130009775171          -1189.281774499984          -1189.089008395149
          -0.128054740958          -1189.281668713520          -1189.088981013601
          -0.126099706745          -1189.281564072979          -1189.088954912462
          -0.124144672532          -1189.281460583776          -1189.088930094159
          -0.122189638319          -1189.281358251329          -1189.088906561117
          -0.120234604106          -1189.281257081052          -1189.088884315761
          -0.118279569892          -1189.281157078361          -1189.088863360517
          -0.116324535679          -1189.281058248673          -1189.088843697811
          -0.114369501466          -1189.280960597403          -1189.088825330067
          -0.112414467253          -1189.280864129967          -1189.088808259711
          -0.110459433040          -1189.280768851781          -1189.088792489168
          -0.108504398827          -1189.280674768261          -1189.088778020864
          -0.106549364614          -1189.280581884823          -1189.088764857225
          -0.104594330401          -1189.280490206882          -1189.088753000674
          -0.102639296188          -1189.280399739856          -1189.088742453639
          -0.100684261975          -1189.280310489158          -1189.088733218545
          -0.098729227761          -1189.280222460206          -1189.088725297816
          -0.096774193548          -1189.280135658415          -1189.088718693878
          -0.094819159335          -1189.280050089200          -1189.088713409157
          -0.092864125122          -1189.279965757979          -1189.088709446078
          -0.090909090909          -1189.279882670167          -1189.088706807067
          -0.088954056696          -1189.279800831180          -1189.088705494548
          -0.086999022483          -1189.279720246432          -1189.088705510948
          -0.085043988270          -1189.279640921342          -1189.088706858691
          -0.083088954057          -1189.279562861324          -1189.088709540202
          -0.081133919844          -1189.279486071794          -1189.088713557909
          -0.079178885630          -1189.279410558168          -1189.088718914235
          -0.077223851417          -1189.279336325862          -1189.088725611607
          -0.075268817204          -1189.279263380292          -1189.088733652449
          -0.073313782991          -1189.279191726874          -1189.088743039187
          -0.071358748778          -1189.279121371024          -1189.088753774247
          -0.069403714565          -1189.279052318157          -1189.088765860053
          -0.067448680352          -1189.278984573690          -1189.088779299031
          -0.065493646139          -1189.278918143037          -1189.088794093608
          -0.063538611926          -1189.278853031617          -1189.088810246207
          -0.061583577713          -1189.278789244843          -1189.088827759255
          -0.059628543500          -1189.278726788132          -1189.088846635176
          -0.057673509286          -1189.278665666900          -1189.088866876397
          -0.055718475073          -1189.278605886562          -1189.088888485342
          -0.053763440860          -1189.278547452536          -1189.088911464437
          -0.051808406647          -1189.278490370235          -1189.088935816108
          -0.049853372434          -1189.278434645077          -1189.088961542779
          -0.047898338221          -1189.278380282477          -1189.088988646877
          -0.045943304008          -1189.278327287852          -1189.089017130827
          -0.043988269795          -1189.278275666617          -1189.089046997053
          -0.042033235582          -1189.278225423562          -1189.089078247360
          -0.040078201369          -1189.278176557832          -1189.089110877941
          -0.038123167155          -1189.278129065577          -1189.089144882007
          -0.036168132942          -1189.278082942915          -1189.089180252746
          -0.034213098729          -1189.278038185970          -1189.089216983345
          -0.032258064516          -1189.277994790860          -1189.089255066988
          -0.030303030303          -1189.277952753709          -1189.089294496863
          -0.028347996090          -1189.277912070635          -1189.089335266156
          -0.026392961877          -1189.277872737761          -1189.089377368053
          -0.024437927664          -1189.277834751206          -1189.089420795740
          -0.022482893451          -1189.277798107093          -1189.089465542404
          -0.020527859238          -1189.277762801541          -1189.089511601231
          -0.018572825024          -1189.277728830672          -1189.089558965406
          -0.016617790811          -1189.277696190607          -1189.089607628118
          -0.014662756598          -1189.277664877466          -1189.089657582551
          -0.012707722385          -1189.277634887372          -1189.089708821892
          -0.010752688172          -1189.277606216443          -1189.089761339327
          -0.008797653959          -1189.277578860801          -1189.089815128043
          -0.006842619746          -1189.277552816568          -1189.089870181226
          -0.004887585533          -1189.277528079864          -1189.089926492062
          -0.002932551320          -1189.277504646809          -1189.089984053737
          -0.000977517107          -1189.277482513526          -1189.090042859438
           0.000977517107          -1189.277461676134          -1189.090102902351
           0.002932551320          -1189.277442130756          -1189.090164175662
           0.004887585533          -1189.277423873510          -1189.090226672557
           0.006842619746          -1189.277406900520          -1189.090290386224
           0.008797653959          -1189.277391207904          -1189.090355309847
           0.010752688172          -1189.277376791785          -1189.090421436613
           0.012707722385          -1189.277363648283          -1189.090488759710
           0.014662756598          -1189.277351773520          -1189.090557272322
           0.016617790811          -1189.277341163615          -1189.090626967636
           0.018572825024          -1189.277331814690          -1189.090697838839
           0.020527859238          -1189.277323722866          -1189.090769879117
           0.022482893451          -1189.277316884264          -1189.090843081655
           0.024437927664          -1189.277311295004          -1189.090917439641
           0.026392961877          -1189.277306951209          -1189.090992946260
           0.028347996090          -1189.277303848997          -1189.091069594699
           0.030303030303          -1189.277301984491          -1189.091147378144
           0.032258064516          -1189.277301353811          -1189.091226289781
           0.034213098729          -1189.277301953078          -1189.091306322797
           0.036168132942          -1189.277303778413          -1189.091387470378
           0.038123167155          -1189.277306825937          -1189.091469725711
           0.040078201369          -1189.277311091771          -1189.091553081980
           0.042033235582          -1189.277316572036          -1189.091637532373
           0.043988269795          -1189.277323262830          -1189.091723070057
           0.045943304008          -1189.277331157832          -1189.091809686005
           0.047898338221          -1189.277340246160          -1189.091897367062
           0.049853372434          -1189.277350516425          -1189.091986099618
           0.051808406647          -1189.277361957242          -1189.092075870060
           0.053763440860          -1189.277374557222          -1189.092166664776
           0.055718475073          -1189.277388304979          -1189.092258470153
           0.057673509286          -1189.277403189124          -1189.092351272581
           0.059628543500          -1189.277419198271          -1189.092445058447
           0.061583577713          -1189.277436321033          -1189.092539814139
           0.063538611926          -1189.277454546021          -1189.092635526045
           0.065493646139          -1189.277473861848          -1189.092732180553
           0.067448680352          -1189.277494257128          -1189.092829764052
           0.069403714565          -1189.277515720474          -1189.092928262929
           0.071358748778          -1189.277538240496          -1189.093027663571
           0.073313782991          -1189.277561805809          -1189.093127952368
           0.075268817204          -1189.277586405024          -1189.093229115708
           0.077223851417          -1189.277612026755          -1189.093331139977
           0.079178885630          -1189.277638659615          -1189.093434011565
           0.081133919844          -1189.277666292215          -1189.093537716859
           0.083088954057          -1189.277694913169          -1189.093642242247
           0.085043988270          -1189.277724511089          -1189.093747574118
           0.086999022483          -1189.277755074588          -1189.093853698859
           0.088954056696          -1189.277786592279          -1189.093960602858
           0.090909090909          -1189.277819052774          -1189.094068272505
           0.092864125122          -1189.277852444686          -1189.094176694185
           0.094819159335          -1189.277886756627          -1189.094285854288
           0.096774193548          -1189.277921977211          -1189.094395739201
           0.098729227761          -1189.277958095050          -1189.094506335312
           0.100684261975          -1189.277995098756          -1189.094617629011
           0.102639296188          -1189.278032976943          -1189.094729606684
           0.104594330401          -1189.278071718222          -1189.094842254719
           0.106549364614          -1189.278111311207          -1189.094955559505
           0.108504398827          -1189.278151744511          -1189.095069507429
           0.110459433040          -1189.278193006745          -1189.095184084880
           0.112414467253          -1189.278235086522          -1189.095299278246
           0.114369501466          -1189.278277972457          -1189.095415073914
           0.116324535679          -1189.278321653160          -1189.095531458273
           0.118279569892          -1189.278366117244          -1189.095648417711
           0.120234604106          -1189.278411353323          -1189.095765938616
           0.122189638319          -1189.278457350009          -1189.095884007375
           0.124144672532          -1189.278504095915          -1189.096002610377
           0.126099706745          -1189.278551579652          -1189.096121734010
           0.128054740958          -1189.278599789835          -1189.096241364661
           0.130009775171          -1189.278648715075          -1189.096361488719
           0.131964809384          -1189.278698343535          -1189.096482092216
           0.133919843597          -1189.278748659847          -1189.096603158394
           0.135874877810          -1189.278799646986          -1189.096724669183
           0.137829912023          -1189.278851287915          -1189.096846606507
           0.139784946237          -1189.278903565598          -1189.096968952288
           0.141739980450          -1189.278956462999          -1189.097091688449
           0.143695014663          -1189.279009963081          -1189.097214796912
           0.145650048876          -1189.279064048808          -1189.097338259601
           0.147605083089          -1189.279118703144          -1189.097462058437
           0.149560117302          -1189.279173909053          -1189.097586175345
           0.151515151515          -1189.279229649498          -1189.097710592246
           0.153470185728          -1189.279285907443          -1189.097835291064
           0.155425219941          -1189.279342665852          -1189.097960253721
           0.157380254154          -1189.279399907689          -1189.098085462140
           0.159335288368          -1189.279457615917          -1189.098210898243
           0.161290322581          -1189.279515773500          -1189.098336543954
           0.163245356794          -1189.279574363402          -1189.098462381196
           0.165200391007          -1189.279633368586          -1189.098588391890
           0.167155425220          -1189.279692772017          -1189.098714557960
           0.169110459433          -1189.279752556658          -1189.098840861328
           0.171065493646          -1189.279812705473          -1189.098967283918
           0.173020527859          -1189.279873201425          -1189.099093807651
           0.174975562072          -1189.279934027478          -1189.099220414452
           0.176930596285          -1189.279995166597          -1189.099347086242
           0.178885630499          -1189.280056601744          -1189.099473804945
           0.180840664712          -1189.280118315885          -1189.099600552482
           0.182795698925          -1189.280180291981          -1189.099727310777
           0.184750733138          -1189.280242512997          -1189.099854061753
           0.186705767351          -1189.280304961897          -1189.099980787332
           0.188660801564          -1189.280367621645          -1189.100107469437
           0.190615835777          -1189.280430475203          -1189.100234089992
           0.192570869990          -1189.280493505537          -1189.100360630917
           0.194525904203          -1189.280556695610          -1189.100487074137
           0.196480938416          -1189.280620028385          -1189.100613401575
           0.198435972630          -1189.280683486826          -1189.100739595152
           0.200391006843          -1189.280747053897          -1189.100865636792
           0.202346041056          -1189.280810712562          -1189.100991508417
           0.204301075269          -1189.280874445785          -1189.101117191951
           0.206256109482          -1189.280938236528          -1189.101242669315
           0.208211143695          -1189.281002067757          -1189.101367922434
           0.210166177908          -1189.281065922434          -1189.101492933228
           0.212121212121          -1189.281129783524          -1189.101617683622
           0.214076246334          -1189.281193633990          -1189.101742155538
           0.216031280547          -1189.281257456795          -1189.101866330899
           0.217986314761          -1189.281321234889          -1189.101990191615
           0.219941348974          -1189.281384950047          -1189.102113718741
           0.221896383187          -1189.281448582080          -1189.102236891893
           0.223851417400          -1189.281512110615          -1189.102359690551
           0.225806451613          -1189.281575515277          -1189.102482094194
           0.227761485826          -1189.281638775691          -1189.102604082302
           0.229716520039          -1189.281701871482          -1189.102725634355
           0.231671554252          -1189.281764782276          -1189.102846729832
           0.233626588465          -1189.281827487698          -1189.102967348213
           0.235581622678          -1189.281889967373          -1189.103087468978
           0.237536656891          -1189.281952200927          -1189.103207071606
           0.239491691105          -1189.282014167984          -1189.103326135577
           0.241446725318          -1189.282075848171          -1189.103444640371
           0.243401759531          -1189.282137221111          -1189.103562565467
           0.245356793744          -1189.282198266432          -1189.103679890344
           0.247311827957          -1189.282258963758          -1189.103796594484
           0.249266862170          -1189.282319292715          -1189.103912657365
           0.251221896383          -1189.282379232926          -1189.104028058467
           0.253176930596          -1189.282438764019          -1189.104142777269
           0.255131964809          -1189.282497865618          -1189.104256793252
           0.257086999022          -1189.282556517348          -1189.104370085895
           0.259042033236          -1189.282614698836          -1189.104482634677
           0.260997067449          -1189.282672389706          -1189.104594419079
           0.262952101662          -1189.282729569583          -1189.104705418579
           0.264907135875          -1189.282786218092          -1189.104815612658
           0.266862170088          -1189.282842314861          -1189.104924980796
           0.268817204301          -1189.282897839512          -1189.105033502471
           0.270772238514          -1189.282952771672          -1189.105141157164
           0.272727272727          -1189.283007090965          -1189.105247924355
           0.274682306940          -1189.283060777019          -1189.105353783522
           0.276637341153          -1189.283113809456          -1189.105458714145
           0.278592375367          -1189.283166167903          -1189.105562695706
           0.280547409580          -1189.283217831986          -1189.105665707682
           0.282502443793          -1189.283268781329          -1189.105767729553
           0.284457478006          -1189.283318995558          -1189.105868740800
           0.286412512219          -1189.283368454297          -1189.105968720902
           0.288367546432          -1189.283417137174          -1189.106067649338
           0.290322580645          -1189.283465023812          -1189.106165505589
           0.292277614858          -1189.283512093837          -1189.106262269133
           0.294232649071          -1189.283558326874          -1189.106357919451
           0.296187683284          -1189.283603702548          -1189.106452436022
           0.298142717498          -1189.283648200486          -1189.106545798327
           0.300097751711          -1189.283691800311          -1189.106637985843
           0.302052785924          -1189.283734481650          -1189.106728978052
           0.304007820137          -1189.283776224128          -1189.106818754433
           0.305962854350          -1189.283817007390          -1189.106907294574
           0.307917888563          -1189.283856811214          -1189.106994578797
           0.309872922776          -1189.283895615436          -1189.107080587734
           0.311827956989          -1189.283933399890          -1189.107165302016
           0.313782991202          -1189.283970144412          -1189.107248702272
           0.315738025415          -1189.284005828836          -1189.107330769136
           0.317693059629          -1189.284040432998          -1189.107411483237
           0.319648093842          -1189.284073936732          -1189.107490825206
           0.321603128055          -1189.284106319873          -1189.107568775675
           0.323558162268          -1189.284137562257          -1189.107645315275
           0.325513196481          -1189.284167643718          -1189.107720424636
           0.327468230694          -1189.284196544091          -1189.107794084390
           0.329423264907          -1189.284224243212          -1189.107866275168
           0.331378299120          -1189.284250720914          -1189.107936977601
           0.333333333333          -1189.284275957034          -1189.108006172319
           0.335288367546          -1189.284299931406          -1189.108073839955
           0.337243401760          -1189.284322623866          -1189.108139961138
           0.339198435973          -1189.284344014247          -1189.108204516501
           0.341153470186          -1189.284364082386          -1189.108267486674
           0.343108504399          -1189.284382808116          -1189.108328852287
           0.345063538612          -1189.284400171274          -1189.108388593973
           0.347018572825          -1189.284416151694          -1189.108446692363
           0.348973607038          -1189.284430729210          -1189.108503128086
           0.350928641251          -1189.284443883659          -1189.108557881775
           0.352883675464          -1189.284455594875          -1189.108610934061
           0.354838709677          -1189.284465842693          -1189.108662265573
           0.356793743891          -1189.284474606947          -1189.108711856944
           0.358748778104          -1189.284481867473          -1189.108759688805
           0.360703812317          -1189.284487604107          -1189.108805741786
           0.362658846530          -1189.284491796682          -1189.108849996519
           0.364613880743          -1189.284494425033          -1189.108892433635
           0.366568914956          -1189.284495468997          -1189.108933033764
           0.368523949169          -1189.284494908408          -1189.108971777538
           0.370478983382          -1189.284492723099          -1189.109008645589
           0.372434017595          -1189.284488892908          -1189.109043618545
           0.374389051808          -1189.284483397669          -1189.109076677040
           0.376344086022          -1189.284476217216          -1189.109107801704
           0.378299120235          -1189.284467331385          -1189.109136973168
           0.380254154448          -1189.284456720010          -1189.109164172063
           0.382209188661          -1189.284444362927          -1189.109189379020
           0.384164222874          -1189.284430239970          -1189.109212574670
           0.386119257087          -1189.284414330976          -1189.109233739644
           0.388074291300          -1189.284396615777          -1189.109252854574
           0.390029325513          -1189.284377074210          -1189.109269900090
           0.391984359726          -1189.284355686140          -1189.109284856857
           0.393939393939          -1189.284332433081          -1189.109297707359
           0.395894428152          -1189.284307299004          -1189.109308436790
           0.397849462366          -1189.284280268083          -1189.109317030567
           0.399804496579          -1189.284251324488          -1189.109323474106
           0.401759530792          -1189.284220452392          -1189.109327752823
           0.403714565005          -1189.284187635968          -1189.109329852133
           0.405669599218          -1189.284152859386          -1189.109329757454
           0.407624633431          -1189.284116106819          -1189.109327454200
           0.409579667644          -1189.284077362440          -1189.109322927788
           0.411534701857          -1189.284036610419          -1189.109316163635
           0.413489736070          -1189.283993834930          -1189.109307147155
           0.415444770283          -1189.283949020144          -1189.109295863766
           0.417399804497          -1189.283902150234          -1189.109282298883
           0.419354838710          -1189.283853209370          -1189.109266437922
           0.421309872923          -1189.283802181727          -1189.109248266299
           0.423264907136          -1189.283749051474          -1189.109227769431
           0.425219941349          -1189.283693802785          -1189.109204932733
           0.427174975562          -1189.283636419832          -1189.109179741622
           0.429130009775          -1189.283576886786          -1189.109152181513
           0.431085043988          -1189.283515187820          -1189.109122237822
           0.433040078201          -1189.283451307105          -1189.109089895967
           0.434995112414          -1189.283385228814          -1189.109055141361
           0.436950146628          -1189.283316937119          -1189.109017959423
           0.438905180841          -1189.283246416192          -1189.108978335567
           0.440860215054          -1189.283173650205          -1189.108936255210
           0.442815249267          -1189.283098623329          -1189.108891703768
           0.444770283480          -1189.283021319738          -1189.108844666657
           0.446725317693          -1189.282941723602          -1189.108795129292
           0.448680351906          -1189.282859819095          -1189.108743077091
           0.450635386119          -1189.282775590387          -1189.108688495469
           0.452590420332          -1189.282689021652          -1189.108631369841
           0.454545454545          -1189.282600097061          -1189.108571685625
           0.456500488759          -1189.282508800786          -1189.108509428236
           0.458455522972          -1189.282415117000          -1189.108444583090
           0.460410557185          -1189.282319029874          -1189.108377135603
           0.462365591398          -1189.282220523580          -1189.108307071192
           0.464320625611          -1189.282119582291          -1189.108234375272
           0.466275659824          -1189.282016190178          -1189.108159033260
           0.468230694037          -1189.281910331414          -1189.108081030571
           0.470185728250          -1189.281801990170          -1189.108000352621
           0.472140762463          -1189.281691150619          -1189.107916984827
           0.474095796676          -1189.281577796933          -1189.107830912604
           0.476050830890          -1189.281461913283          -1189.107742121369
           0.478005865103          -1189.281343483842          -1189.107650596538
           0.479960899316          -1189.281222493720          -1189.107556324427
           0.481915933529          -1189.281098933600          -1189.107459296694
           0.483870967742          -1189.280972796215          -1189.107359506965
           0.485826001955          -1189.280844074299          -1189.107256948867
           0.487781036168          -1189.280712760590          -1189.107151616028
           0.489736070381          -1189.280578847822          -1189.107043502077
           0.491691104594          -1189.280442328732          -1189.106932600640
           0.493646138807          -1189.280303196054          -1189.106818905345
           0.495601173021          -1189.280161442524          -1189.106702409821
           0.497556207234          -1189.280017060879          -1189.106583107695
           0.499511241447          -1189.279870043853          -1189.106460992594
           0.501466275660          -1189.279720384182          -1189.106336058147
           0.503421309873          -1189.279568074603          -1189.106208297982
           0.505376344086          -1189.279413107850          -1189.106077705726
           0.507331378299          -1189.279255476660          -1189.105944275006
           0.509286412512          -1189.279095173768          -1189.105807999451
           0.511241446725          -1189.278932191909          -1189.105668872688
           0.513196480938          -1189.278766523819          -1189.105526888346
           0.515151515152          -1189.278598162235          -1189.105382040052
           0.517106549365          -1189.278427099890          -1189.105234321433
           0.519061583578          -1189.278253329523          -1189.105083726118
           0.521016617791          -1189.278076843866          -1189.104930247734
           0.522971652004          -1189.277897635658          -1189.104773879909
           0.524926686217          -1189.277715697632          -1189.104614616271
           0.526881720430          -1189.277531022525          -1189.104452450447
           0.528836754643          -1189.277343603073          -1189.104287376066
           0.530791788856          -1189.277153432011          -1189.104119386755
           0.532746823069          -1189.276960502074          -1189.103948476142
           0.534701857283          -1189.276764805999          -1189.103774637854
           0.536656891496          -1189.276566336521          -1189.103597865520
           0.538611925709          -1189.276365086376          -1189.103418152767
           0.540566959922          -1189.276161048298          -1189.103235493222
           0.542521994135          -1189.275954215025          -1189.103049880515
           0.544477028348          -1189.275744579292          -1189.102861308272
           0.546432062561          -1189.275532133833          -1189.102669770122
           0.548387096774          -1189.275316871386          -1189.102475259691
           0.550342130987          -1189.275098784685          -1189.102277770608
           0.552297165200          -1189.274877866466          -1189.102077296501
           0.554252199413          -1189.274654109465          -1189.101873830997
           0.556207233627          -1189.274427506418          -1189.101667367725
           0.558162267840          -1189.274198050060          -1189.101457900310
           0.560117302053          -1189.273965733126          -1189.101245422383
           0.562072336266          -1189.273730548353          -1189.101029927570
           0.564027370479          -1189.273492488476          -1189.100811409500
           0.565982404692          -1189.273251546352          -1189.100589861920
           0.567937438905          -1189.273007719789          -1189.100365283545
           0.569892473118          -1189.272761013171          -1189.100137679683
           0.571847507331          -1189.272511431339          -1189.099907056098
           0.573802541544          -1189.272258979133          -1189.099673418551
           0.575757575758          -1189.272003661391          -1189.099436772809
           0.577712609971          -1189.271745482954          -1189.099197124633
           0.579667644184          -1189.271484448662          -1189.098954479788
           0.581622678397          -1189.271220563355          -1189.098708844037
           0.583577712610          -1189.270953831871          -1189.098460223145
           0.585532746823          -1189.270684259051          -1189.098208622873
           0.587487781036          -1189.270411849734          -1189.097954048987
           0.589442815249          -1189.270136608761          -1189.097696507250
           0.591397849462          -1189.269858540970          -1189.097436003424
           0.593352883675          -1189.269577651203          -1189.097172543275
           0.595307917889          -1189.269293944297          -1189.096906132565
           0.597262952102          -1189.269007425094          -1189.096636777059
           0.599217986315          -1189.268718098432          -1189.096364482519
           0.601173020528          -1189.268425969152          -1189.096089254710
           0.603128054741          -1189.268131042094          -1189.095811099395
           0.605083088954          -1189.267833322096          -1189.095530022337
           0.607038123167          -1189.267532813999          -1189.095246029301
           0.608993157380          -1189.267229522643          -1189.094959126049
           0.610948191593          -1189.266923452866          -1189.094669318346
           0.612903225806          -1189.266614609510          -1189.094376611955
           0.614858260020          -1189.266302997414          -1189.094081012640
           0.616813294233          -1189.265988621416          -1189.093782526164
           0.618768328446          -1189.265671486358          -1189.093481158292
           0.620723362659          -1189.265351597079          -1189.093176914785
           0.622678396872          -1189.265028958418          -1189.092869801409
           0.624633431085          -1189.264703575216          -1189.092559823927
           0.626588465298          -1189.264375452312          -1189.092246988102
           0.628543499511          -1189.264044594546          -1189.091931299698
           0.630498533724          -1189.263711006757          -1189.091612764478
           0.632453567937          -1189.263374693785          -1189.091291388207
           0.634408602151          -1189.263035660470          -1189.090967176648
           0.636363636364          -1189.262693911652          -1189.090640135564
           0.638318670577          -1189.262349452170          -1189.090310270720
           0.640273704790          -1189.262002286865          -1189.089977587878
           0.642228739003          -1189.261652420575          -1189.089642092802
           0.644183773216          -1189.261299858141          -1189.089303791256
           0.646138807429          -1189.260944604402          -1189.088962689005
           0.648093841642          -1189.260586664199          -1189.088618791810
           0.650048875855          -1189.260226042370          -1189.088272105435
           0.652003910068          -1189.259862743755          -1189.087922635646
           0.653958944282          -1189.259496775280          -1189.087570390257
           0.655913978495          -1189.259128154702          -1189.087215387760
           0.657869012708          -1189.258756903291          -1189.086857650102
           0.659824046921          -1189.258383042320          -1189.086497199233
           0.661779081134          -1189.258006593059          -1189.086134057103
           0.663734115347          -1189.257627576780          -1189.085768245661
           0.665689149560          -1189.257246014754          -1189.085399786858
           0.667644183773          -1189.256861928254          -1189.085028702643
           0.669599217986          -1189.256475338549          -1189.084655014966
           0.671554252199          -1189.256086266912          -1189.084278745777
           0.673509286413          -1189.255694734614          -1189.083899917025
           0.675464320626          -1189.255300762927          -1189.083518550660
           0.677419354839          -1189.254904373121          -1189.083134668632
           0.679374389052          -1189.254505586470          -1189.082748292891
           0.681329423265          -1189.254104424243          -1189.082359445386
           0.683284457478          -1189.253700907713          -1189.081968148068
           0.685239491691          -1189.253295058150          -1189.081574422886
           0.687194525904          -1189.252886896827          -1189.081178291789
           0.689149560117          -1189.252476445014          -1189.080779776727
           0.691104594330          -1189.252063723984          -1189.080378899652
           0.693059628543          -1189.251648755007          -1189.079975682511
           0.695014662757          -1189.251231559355          -1189.079570147255
           0.696969696970          -1189.250812158300          -1189.079162315833
           0.698924731183          -1189.250390573112          -1189.078752210196
           0.700879765396          -1189.249966825064          -1189.078339852293
           0.702834799609          -1189.249540935427          -1189.077925264074
           0.704789833822          -1189.249112925472          -1189.077508467488
           0.706744868035          -1189.248682816470          -1189.077089484486
           0.708699902248          -1189.248250629695          -1189.076668337017
           0.710654936461          -1189.247816386415          -1189.076245047031
           0.712609970674          -1189.247380107904          -1189.075819636477
           0.714565004888          -1189.246941815432          -1189.075392127306
           0.716520039101          -1189.246501530271          -1189.074962541467
           0.718475073314          -1189.246059273692          -1189.074530900910
           0.720430107527          -1189.245615066968          -1189.074097227585
           0.722385141740          -1189.245168931368          -1189.073661543441
           0.724340175953          -1189.244720888166          -1189.073223870428
           0.726295210166          -1189.244270958631          -1189.072784230497
           0.728250244379          -1189.243819164036          -1189.072342645596
           0.730205278592          -1189.243365525652          -1189.071899137676
           0.732160312805          -1189.242910064751          -1189.071453728686
           0.734115347019          -1189.242452802604          -1189.071006440576
           0.736070381232          -1189.241993760482          -1189.070557295296
           0.738025415445          -1189.241532959657          -1189.070106314795
           0.739980449658          -1189.241070421441          -1189.069653521068
           0.741935483871          -1189.240606168464          -1189.069198937525
           0.743890518084          -1189.240140224913          -1189.068742589253
           0.745845552297          -1189.239672615066          -1189.068284501438
           0.747800586510          -1189.239203363201          -1189.067824699264
           0.749755620723          -1189.238732493597          -1189.067363207916
           0.751710654936          -1189.238260030532          -1189.066900052580
           0.753665689150          -1189.237785998285          -1189.066435258440
           0.755620723363          -1189.237310421133          -1189.065968850682
           0.757575757576          -1189.236833323354          -1189.065500854490
           0.759530791789          -1189.236354729228          -1189.065031295049
           0.761485826002          -1189.235874663032          -1189.064560197545
           0.763440860215          -1189.235393149045          -1189.064087587161
           0.765395894428          -1189.234910211545          -1189.063613489084
           0.767350928641          -1189.234425874809          -1189.063137928499
           0.769305962854          -1189.233940163117          -1189.062660930590
           0.771260997067          -1189.233453100746          -1189.062182520542
           0.773216031281          -1189.232964711976          -1189.061702723540
           0.775171065494          -1189.232475021083          -1189.061221564770
           0.777126099707          -1189.231984052347          -1189.060739069416
           0.779081133920          -1189.231491830046          -1189.060255262663
           0.781036168133          -1189.230998378457          -1189.059770169696
           0.782991202346          -1189.230503721860          -1189.059283815700
           0.784946236559          -1189.230007884531          -1189.058796225861
           0.786901270772          -1189.229510890751          -1189.058307425363
           0.788856304985          -1189.229012764797          -1189.057817439392
           0.790811339198          -1189.228513530946          -1189.057326293131
           0.792766373412          -1189.228013213479          -1189.056834011766
           0.794721407625          -1189.227511836672          -1189.056340620483
           0.796676441838          -1189.227009424803          -1189.055846144466
           0.798631476051          -1189.226506002152          -1189.055350608900
           0.800586510264          -1189.226001592997          -1189.054854038970
           0.802541544477          -1189.225496221615          -1189.054356459861
           0.804496578690          -1189.224989912285          -1189.053857896758
           0.806451612903          -1189.224482689285          -1189.053358374847
           0.808406647116          -1189.223974576894          -1189.052857919311
           0.810361681329          -1189.223465599390          -1189.052356555337
           0.812316715543          -1189.222955781051          -1189.051854308109
           0.814271749756          -1189.222445146155          -1189.051351202812
           0.816226783969          -1189.221933718980          -1189.050847264631
           0.818181818182          -1189.221421523806          -1189.050342518750
           0.820136852395          -1189.220908584909          -1189.049836990356
           0.822091886608          -1189.220394926569          -1189.049330704633
           0.824046920821          -1189.219880573063          -1189.048823686766
           0.826001955034          -1189.219365548670          -1189.048315961940
           0.827956989247          -1189.218849883118          -1189.047807560710
           0.829912023460          -1189.218333630979          -1189.047298538114
           0.831867057674          -1189.217816853900          -1189.046788956159
           0.833822091887          -1189.217299613528          -1189.046278876853
           0.835777126100          -1189.216781971508          -1189.045768362206
           0.837732160313          -1189.216263989490          -1189.045257474224
           0.839687194526          -1189.215745729118          -1189.044746274918
           0.841642228739          -1189.215227252042          -1189.044234826295
           0.843597262952          -1189.214708619906          -1189.043723190364
           0.845552297165          -1189.214189894359          -1189.043211429133
           0.847507331378          -1189.213671137047          -1189.042699604611
           0.849462365591          -1189.213152409618          -1189.042187778807
           0.851417399804          -1189.212633773718          -1189.041676013728
           0.853372434018          -1189.212115290995          -1189.041164371383
           0.855327468231          -1189.211597023095          -1189.040652913781
           0.857282502444          -1189.211079031665          -1189.040141702930
           0.859237536657          -1189.210561378352          -1189.039630800838
           0.861192570870          -1189.210044124804          -1189.039120269515
           0.863147605083          -1189.209527332667          -1189.038610170967
           0.865102639296          -1189.209011063589          -1189.038100567205
           0.867057673509          -1189.208495379215          -1189.037591520236
           0.869012707722          -1189.207980341194          -1189.037083092069
           0.870967741935          -1189.207466011172          -1189.036575344713
           0.872922776149          -1189.206952450797          -1189.036068340175
           0.874877810362          -1189.206439721714          -1189.035562140465
           0.876832844575          -1189.205927885572          -1189.035056807590
           0.878787878788          -1189.205417004017          -1189.034552403559
           0.880742913001          -1189.204907138696          -1189.034048990381
           0.882697947214          -1189.204398351256          -1189.033546630064
           0.884652981427          -1189.203890703345          -1189.033045384617
           0.886608015640          -1189.203384256609          -1189.032545316047
           0.888563049853          -1189.202879072694          -1189.032046486365
           0.890518084066          -1189.202375213250          -1189.031548957577
           0.892473118280          -1189.201872739921          -1189.031052791692
           0.894428152493          -1189.201371714355          -1189.030558050719
           0.896383186706          -1189.200872198199          -1189.030064796667
           0.898338220919          -1189.200374253100          -1189.029573091544
           0.900293255132          -1189.199877940705          -1189.029082997357
           0.902248289345          -1189.199383322662          -1189.028594576117
           0.904203323558          -1189.198890460616          -1189.028107889831
           0.906158357771          -1189.198399416216          -1189.027623000507
           0.908113391984          -1189.197910251107          -1189.027139970154
           0.910068426197          -1189.197423026937          -1189.026658860781
           0.912023460411          -1189.196937805354          -1189.026179734396
           0.913978494624          -1189.196454645587          -1189.025702650596
           0.915933528837          -1189.195973545243          -1189.025227607486
           0.917888563050          -1189.195494436752          -1189.024754538130
           0.919843597263          -1189.195017249416          -1189.024283372473
           0.921798631476          -1189.194541912536          -1189.023814040458
           0.923753665689          -1189.194068355412          -1189.023346472030
           0.925708699902          -1189.193596507347          -1189.022880597131
           0.927663734115          -1189.193126297642          -1189.022416345705
           0.929618768328          -1189.192657655597          -1189.021953647696
           0.931573802542          -1189.192190510515          -1189.021492433048
           0.933528836755          -1189.191724791697          -1189.021032631704
           0.935483870968          -1189.191260428443          -1189.020574173608
           0.937438905181          -1189.190797350055          -1189.020116988705
           0.939393939394          -1189.190335485835          -1189.019661006936
           0.941348973607          -1189.189874765084          -1189.019206158247
           0.943304007820          -1189.189415117102          -1189.018752372580
           0.945259042033          -1189.188956471193          -1189.018299579879
           0.947214076246          -1189.188498756655          -1189.017847710089
           0.949169110459          -1189.188041902793          -1189.017396693153
           0.951124144673          -1189.187585838905          -1189.016946459014
           0.953079178886          -1189.187130494293          -1189.016496937617
           0.955034213099          -1189.186675798260          -1189.016048058904
           0.956989247312          -1189.186221680106          -1189.015599752820
           0.958944281525          -1189.185768069132          -1189.015151949308
           0.960899315738          -1189.185314894641          -1189.014704578311
           0.962854349951          -1189.184862085932          -1189.014257569775
           0.964809384164          -1189.184409572308          -1189.013810853642
           0.966764418377          -1189.183957283070          -1189.013364359856
           0.968719452590          -1189.183505147518          -1189.012918018360
           0.970674486804          -1189.183053094955          -1189.012471759099
           0.972629521017          -1189.182601054682          -1189.012025512015
           0.974584555230          -1189.182148956000          -1189.011579207054
           0.976539589443          -1189.181696728209          -1189.011132774157
           0.978494623656          -1189.181244300613          -1189.010686143270
           0.980449657869          -1189.180791602511          -1189.010239244336
           0.982404692082          -1189.180338563206          -1189.009792007297
           0.984359726295          -1189.179885111998          -1189.009344362099
           0.986314760508          -1189.179431178188          -1189.008896238685
           0.988269794721          -1189.178976691079          -1189.008447566998
           0.990224828935          -1189.178521579972          -1189.007998276983
           0.992179863148          -1189.178065774167          -1189.007548298582
           0.994134897361          -1189.177609202966          -1189.007097561739
           0.996089931574          -1189.177151795670          -1189.006645996399
           0.998044965787          -1189.176693481581          -1189.006193532505
           1.000000000000          -1189.176234190000          -1189.005740100000
