          -1.000000000000          -1226.885421530000          -1226.676000930000
          -0.998044965787          -1226.904374564553          -1226.694976697078
          -0.996089931574          -1226.923480780989          -1226.714105671723
          -0.994134897361          -1226.942729100180          -1226.733376772949
          -0.992179863148          -1226.962108442999          -1226.752778919772
          -0.990224828935          -1226.981607730319          -1226.772301031206
          -0.988269794721          -1227.001215883011          -1226.791932026267
          -0.986314760508          -1227.020921821949          -1226.811660823969
          -0.984359726295          -1227.040714468005          -1226.831476343327
          -0.982404692082          -1227.060582742051          -1226.851367503356
          -0.980449657869          -1227.080515564961          -1226.871323223072
          -0.978494623656          -1227.100501857607          -1226.891332421488
          -0.976539589443          -1227.120530540861          -1226.911384017621
          -0.974584555230          -1227.140590535596          -1226.931466930484
          -0.972629521017          -1227.160670762684          -1226.951570079094
          -0.970674486804          -1227.180760142999          -1226.971682382464
          -0.968719452590          -1227.200847597412          -1226.991792759610
          -0.966764418377          -1227.220922046797          -1227.011890129547
          -0.964809384164          -1227.240972412025          -1227.031963411289
          -0.962854349951          -1227.260987613970          -1227.052001523852
          -0.960899315738          -1227.280956573503          -1227.071993386250
          -0.958944281525          -1227.300868211498          -1227.091927917499
          -0.956989247312          -1227.320711448828          -1227.111794036612
          -0.955034213099          -1227.340475206363          -1227.131580662607
          -0.953079178886          -1227.360148404979          -1227.151276714497
          -0.951124144673          -1227.379719965545          -1227.170871111296
          -0.949169110459          -1227.399178808937          -1227.190352772021
          -0.947214076246          -1227.418513856025          -1227.209710615686
          -0.945259042033          -1227.437714027682          -1227.228933561306
          -0.943304007820          -1227.456768244782          -1227.248010527896
          -0.941348973607          -1227.475665428196          -1227.266930434470
          -0.939393939394          -1227.494394498798          -1227.285682200045
          -0.937438905181          -1227.512944377459          -1227.304254743634
          -0.935483870968          -1227.531303985053          -1227.322636984253
          -0.933528836755          -1227.549462242451          -1227.340817840917
          -0.931573802542          -1227.567408070528          -1227.358786232640
          -0.929618768328          -1227.585130390154          -1227.376531078437
          -0.927663734115          -1227.602618122202          -1227.394041297324
          -0.925708699902          -1227.619860187546          -1227.411305808315
          -0.923753665689          -1227.636845507058          -1227.428313530426
          -0.921798631476          -1227.653563001610          -1227.445053382670
          -0.919843597263          -1227.670001592075          -1227.461514284064
          -0.917888563050          -1227.686150199326          -1227.477685153622
          -0.915933528837          -1227.701997744234          -1227.493554910359
          -0.913978494624          -1227.717533147673          -1227.509112473290
          -0.912023460411          -1227.732745735037          -1227.524347166034
          -0.910068426197          -1227.747633259877          -1227.539256742089
          -0.908113391984          -1227.762201444257          -1227.553846925091
          -0.906158357771          -1227.776456322747          -1227.568123751245
          -0.904203323558          -1227.790403929913          -1227.582093256754
          -0.902248289345          -1227.804050300322          -1227.595761477824
          -0.900293255132          -1227.817401468543          -1227.609134450659
          -0.898338220919          -1227.830463469142          -1227.622218211461
          -0.896383186706          -1227.843242336687          -1227.635018796436
          -0.894428152493          -1227.855744105747          -1227.647542241787
          -0.892473118280          -1227.867974810888          -1227.659794583718
          -0.890518084066          -1227.879940486677          -1227.671781858434
          -0.888563049853          -1227.891647167683          -1227.683510102139
          -0.886608015640          -1227.903100888473          -1227.694985351036
          -0.884652981427          -1227.914307683615          -1227.706213641330
          -0.882697947214          -1227.925273587675          -1227.717201009224
          -0.880742913001          -1227.936004635222          -1227.727953490924
          -0.878787878788          -1227.946506860823          -1227.738477122632
          -0.876832844575          -1227.956786299046          -1227.748777940553
          -0.874877810362          -1227.966848984458          -1227.758861980891
          -0.872922776149          -1227.976700951626          -1227.768735279850
          -0.870967741935          -1227.986348235119          -1227.778403873634
          -0.869012707722          -1227.995796869503          -1227.787873798448
          -0.867057673509          -1228.005052889347          -1227.797151090495
          -0.865102639296          -1228.014122329217          -1227.806241785979
          -0.863147605083          -1228.023011223682          -1227.815151921105
          -0.861192570870          -1228.031725607309          -1227.823887532076
          -0.859237536657          -1228.040271514665          -1227.832454655096
          -0.857282502444          -1228.048654980318          -1227.840859326370
          -0.855327468231          -1228.056882038836          -1227.849107582102
          -0.853372434018          -1228.064958724785          -1227.857205458495
          -0.851417399804          -1228.072891072734          -1227.865158991754
          -0.849462365591          -1228.080685117250          -1227.872974218084
          -0.847507331378          -1228.088346892901          -1227.880657173687
          -0.845552297165          -1228.095882434254          -1227.888213894767
          -0.843597262952          -1228.103297775876          -1227.895650417531
          -0.841642228739          -1228.110598952336          -1227.902972778180
          -0.839687194526          -1228.117791998200          -1227.910187012920
          -0.837732160313          -1228.124882948037          -1227.917299157953
          -0.835777126100          -1228.131877836414          -1227.924315249485
          -0.833822091887          -1228.138782697898          -1227.931241323719
          -0.831867057674          -1228.145603567056          -1227.938083416860
          -0.829912023460          -1228.152346478457          -1227.944847565111
          -0.827956989247          -1228.159017466668          -1227.951539804677
          -0.826001955034          -1228.165622566173          -1227.958166171677
          -0.824046920821          -1228.172166653288          -1227.964731543887
          -0.822091886608          -1228.178650537361          -1227.971236731478
          -0.820136852395          -1228.185074135515          -1227.977681652264
          -0.818181818182          -1228.191437364875          -1227.984066224055
          -0.816226783969          -1228.197740142564          -1227.990390364664
          -0.814271749756          -1228.203982385707          -1227.996653991903
          -0.812316715543          -1228.210164011428          -1228.002857023585
          -0.810361681329          -1228.216284936850          -1228.008999377520
          -0.808406647116          -1228.222345079099          -1228.015080971523
          -0.806451612903          -1228.228344355298          -1228.021101723403
          -0.804496578690          -1228.234282682571          -1228.027061550975
          -0.802541544477          -1228.240159978042          -1228.032960372050
          -0.800586510264          -1228.245976158836          -1228.038798104439
          -0.798631476051          -1228.251731142076          -1228.044574665955
          -0.796676441838          -1228.257424844887          -1228.050289974410
          -0.794721407625          -1228.263057184392          -1228.055943947617
          -0.792766373412          -1228.268628077717          -1228.061536503386
          -0.790811339198          -1228.274137441985          -1228.067067559532
          -0.788856304985          -1228.279585194319          -1228.072537033864
          -0.786901270772          -1228.284971251845          -1228.077944844197
          -0.784946236559          -1228.290295531686          -1228.083290908341
          -0.782991202346          -1228.295557950966          -1228.088575144109
          -0.781036168133          -1228.300758426810          -1228.093797469313
          -0.779081133920          -1228.305896876341          -1228.098957801765
          -0.777126099707          -1228.310973216684          -1228.104056059277
          -0.775171065494          -1228.315987364964          -1228.109092159661
          -0.773216031281          -1228.320939238303          -1228.114066020730
          -0.771260997067          -1228.325828753826          -1228.118977560295
          -0.769305962854          -1228.330655828657          -1228.123826696169
          -0.767350928641          -1228.335420379920          -1228.128613346164
          -0.765395894428          -1228.340122324740          -1228.133337428091
          -0.763440860215          -1228.344761580240          -1228.137998859763
          -0.761485826002          -1228.349338063545          -1228.142597558993
          -0.759530791789          -1228.353851691778          -1228.147133443591
          -0.757575757576          -1228.358302382065          -1228.151606431371
          -0.755620723363          -1228.362690051528          -1228.156016440144
          -0.753665689150          -1228.367014617292          -1228.160363387723
          -0.751710654936          -1228.371275996481          -1228.164647191918
          -0.749755620723          -1228.375474106220          -1228.168867770544
          -0.747800586510          -1228.379608863632          -1228.173025041412
          -0.745845552297          -1228.383680185841          -1228.177118922333
          -0.743890518084          -1228.387687989972          -1228.181149331121
          -0.741935483871          -1228.391632193148          -1228.185116185586
          -0.739980449658          -1228.395512712494          -1228.189019403542
          -0.738025415445          -1228.399329492551          -1228.192858930220
          -0.736070381232          -1228.403082950867          -1228.196635183901
          -0.734115347019          -1228.406773904146          -1228.200348982058
          -0.732160312805          -1228.410403181603          -1228.204001154678
          -0.730205278592          -1228.413971612455          -1228.207592531750
          -0.728250244379          -1228.417480025920          -1228.211123943260
          -0.726295210166          -1228.420929251213          -1228.214596219196
          -0.724340175953          -1228.424320117552          -1228.218010189545
          -0.722385141740          -1228.427653454151          -1228.221366684294
          -0.720430107527          -1228.430930090230          -1228.224666533432
          -0.718475073314          -1228.434150855003          -1228.227910566944
          -0.716520039101          -1228.437316577688          -1228.231099614820
          -0.714565004888          -1228.440428087500          -1228.234234507044
          -0.712609970674          -1228.443486213658          -1228.237316073607
          -0.710654936461          -1228.446491785377          -1228.240345144494
          -0.708699902248          -1228.449445631873          -1228.243322549693
          -0.706744868035          -1228.452348582364          -1228.246249119192
          -0.704789833822          -1228.455201466066          -1228.249125682978
          -0.702834799609          -1228.458005112195          -1228.251953071037
          -0.700879765396          -1228.460760349969          -1228.254732113358
          -0.698924731183          -1228.463468008604          -1228.257463639928
          -0.696969696970          -1228.466128917315          -1228.260148480735
          -0.695014662757          -1228.468743905321          -1228.262787465765
          -0.693059628543          -1228.471313801837          -1228.265381425006
          -0.691104594330          -1228.473839436081          -1228.267931188445
          -0.689149560117          -1228.476321637268          -1228.270437586071
          -0.687194525904          -1228.478761234615          -1228.272901447869
          -0.685239491691          -1228.481159057339          -1228.275323603828
          -0.683284457478          -1228.483515934656          -1228.277704883935
          -0.681329423265          -1228.485832695784          -1228.280046118177
          -0.679374389052          -1228.488110169937          -1228.282348136541
          -0.677419354839          -1228.490349186335          -1228.284611769017
          -0.675464320626          -1228.492550574191          -1228.286837845588
          -0.673509286413          -1228.494715162725          -1228.289027196245
          -0.671554252199          -1228.496843781151          -1228.291180650974
          -0.669599217986          -1228.498937258687          -1228.293299039763
          -0.667644183773          -1228.500996424548          -1228.295383192598
          -0.665689149560          -1228.503022107953          -1228.297433939468
          -0.663734115347          -1228.505015138117          -1228.299452110359
          -0.661779081134          -1228.506976344256          -1228.301438535259
          -0.659824046921          -1228.508906555588          -1228.303394044155
          -0.657869012708          -1228.510806601329          -1228.305319467035
          -0.655913978495          -1228.512677310695          -1228.307215633886
          -0.653958944282          -1228.514519512904          -1228.309083374696
          -0.652003910068          -1228.516334037105          -1228.310923519385
          -0.650048875855          -1228.518121583096          -1228.312736768505
          -0.648093841642          -1228.519882451377          -1228.314523423265
          -0.646138807429          -1228.521616865647          -1228.316283708055
          -0.644183773216          -1228.523325049600          -1228.318017847269
          -0.642228739003          -1228.525007226934          -1228.319726065300
          -0.640273704790          -1228.526663621345          -1228.321408586540
          -0.638318670577          -1228.528294456529          -1228.323065635383
          -0.636363636364          -1228.529899956184          -1228.324697436220
          -0.634408602151          -1228.531480344005          -1228.326304213444
          -0.632453567937          -1228.533035843689          -1228.327886191449
          -0.630498533724          -1228.534566678933          -1228.329443594627
          -0.628543499511          -1228.536073073433          -1228.330976647370
          -0.626588465298          -1228.537555250886          -1228.332485574071
          -0.624633431085          -1228.539013434988          -1228.333970599123
          -0.622678396872          -1228.540447849436          -1228.335431946919
          -0.620723362659          -1228.541858717926          -1228.336869841852
          -0.618768328446          -1228.543246264154          -1228.338284508313
          -0.616813294233          -1228.544610711818          -1228.339676170696
          -0.614858260020          -1228.545952284614          -1228.341045053394
          -0.612903225806          -1228.547271206238          -1228.342391380798
          -0.610948191593          -1228.548567700386          -1228.343715377303
          -0.608993157380          -1228.549841990757          -1228.345017267300
          -0.607038123167          -1228.551094301045          -1228.346297275183
          -0.605083088954          -1228.552324854947          -1228.347555625343
          -0.603128054741          -1228.553533876160          -1228.348792542174
          -0.601173020528          -1228.554721588381          -1228.350008250068
          -0.599217986315          -1228.555888215306          -1228.351202973419
          -0.597262952102          -1228.557033980630          -1228.352376936618
          -0.595307917889          -1228.558159108052          -1228.353530364059
          -0.593352883675          -1228.559263821268          -1228.354663480134
          -0.591397849462          -1228.560348343973          -1228.355776509236
          -0.589442815249          -1228.561412899865          -1228.356869675757
          -0.587487781036          -1228.562457712640          -1228.357943204091
          -0.585532746823          -1228.563483005994          -1228.358997318629
          -0.583577712610          -1228.564489003624          -1228.360032243765
          -0.581622678397          -1228.565475929227          -1228.361048203892
          -0.579667644184          -1228.566444006499          -1228.362045423402
          -0.577712609971          -1228.567393459136          -1228.363024126687
          -0.575757575758          -1228.568324510836          -1228.363984538141
          -0.573802541544          -1228.569237385294          -1228.364926882156
          -0.571847507331          -1228.570132306208          -1228.365851383125
          -0.569892473118          -1228.571009497273          -1228.366758265441
          -0.567937438905          -1228.571869182186          -1228.367647753495
          -0.565982404692          -1228.572711584644          -1228.368520071682
          -0.564027370479          -1228.573536927288          -1228.369375443374
          -0.562072336266          -1228.574345417493          -1228.370214077185
          -0.560117302053          -1228.575137251141          -1228.371036170623
          -0.558162267840          -1228.575912623834          -1228.371841920920
          -0.556207233627          -1228.576671731173          -1228.372631525312
          -0.554252199413          -1228.577414768759          -1228.373405181031
          -0.552297165200          -1228.578141932194          -1228.374163085314
          -0.550342130987          -1228.578853417079          -1228.374905435393
          -0.548387096774          -1228.579549419016          -1228.375632428503
          -0.546432062561          -1228.580230133605          -1228.376344261878
          -0.544477028348          -1228.580895756449          -1228.377041132752
          -0.542521994135          -1228.581546483148          -1228.377723238360
          -0.540566959922          -1228.582182509304          -1228.378390775936
          -0.538611925709          -1228.582804030518          -1228.379043942714
          -0.536656891496          -1228.583411242392          -1228.379682935928
          -0.534701857283          -1228.584004340527          -1228.380307952812
          -0.532746823069          -1228.584583520524          -1228.380919190601
          -0.530791788856          -1228.585148977985          -1228.381516846528
          -0.528836754643          -1228.585700908510          -1228.382101117828
          -0.526881720430          -1228.586239507703          -1228.382672201736
          -0.524926686217          -1228.586764971162          -1228.383230295485
          -0.522971652004          -1228.587277494491          -1228.383775596309
          -0.521016617791          -1228.587777273291          -1228.384308301443
          -0.519061583578          -1228.588264503162          -1228.384828608121
          -0.517106549365          -1228.588739379707          -1228.385336713577
          -0.515151515152          -1228.589202098526          -1228.385832815045
          -0.513196480938          -1228.589652855221          -1228.386317109761
          -0.511241446725          -1228.590091845393          -1228.386789794956
          -0.509286412512          -1228.590519264644          -1228.387251067867
          -0.507331378299          -1228.590935308575          -1228.387701125726
          -0.505376344086          -1228.591340172787          -1228.388140165769
          -0.503421309873          -1228.591734052882          -1228.388568385230
          -0.501466275660          -1228.592117144461          -1228.388985981342
          -0.499511241447          -1228.592489643125          -1228.389393151340
          -0.497556207234          -1228.592851744476          -1228.389790092458
          -0.495601173021          -1228.593203644115          -1228.390177001931
          -0.493646138807          -1228.593545537644          -1228.390554076992
          -0.491691104594          -1228.593877620664          -1228.390921514875
          -0.489736070381          -1228.594200088776          -1228.391279512816
          -0.487781036168          -1228.594513137581          -1228.391628268047
          -0.485826001955          -1228.594816962682          -1228.391967977805
          -0.483870967742          -1228.595111759678          -1228.392298839321
          -0.481915933529          -1228.595397724172          -1228.392621049831
          -0.479960899316          -1228.595675051766          -1228.392934806569
          -0.478005865103          -1228.595943938023          -1228.393240306733
          -0.476050830890          -1228.596204554953          -1228.393537723950
          -0.474095796676          -1228.596457010514          -1228.393827167760
          -0.472140762463          -1228.596701401878          -1228.394108736912
          -0.470185728250          -1228.596937826220          -1228.394382530154
          -0.468230694037          -1228.597166380714          -1228.394648646235
          -0.466275659824          -1228.597387162533          -1228.394907183904
          -0.464320625611          -1228.597600268850          -1228.395158241910
          -0.462365591398          -1228.597805796839          -1228.395401919001
          -0.460410557185          -1228.598003843674          -1228.395638313928
          -0.458455522972          -1228.598194506529          -1228.395867525438
          -0.456500488759          -1228.598377882577          -1228.396089652280
          -0.454545454545          -1228.598554068991          -1228.396304793203
          -0.452590420332          -1228.598723162946          -1228.396513046957
          -0.450635386119          -1228.598885261616          -1228.396714512289
          -0.448680351906          -1228.599040462173          -1228.396909287949
          -0.446725317693          -1228.599188861791          -1228.397097472686
          -0.444770283480          -1228.599330557644          -1228.397279165247
          -0.442815249267          -1228.599465646906          -1228.397454464384
          -0.440860215054          -1228.599594226750          -1228.397623468843
          -0.438905180841          -1228.599716394350          -1228.397786277375
          -0.436950146628          -1228.599832246880          -1228.397942988727
          -0.434995112414          -1228.599941881512          -1228.398093701649
          -0.433040078201          -1228.600045395422          -1228.398238514889
          -0.431085043988          -1228.600142885782          -1228.398377527197
          -0.429130009775          -1228.600234449766          -1228.398510837321
          -0.427174975562          -1228.600320184548          -1228.398638544010
          -0.425219941349          -1228.600400187302          -1228.398760746014
          -0.423264907136          -1228.600474555200          -1228.398877542079
          -0.421309872923          -1228.600543385417          -1228.398989030957
          -0.419354838710          -1228.600606775126          -1228.399095311395
          -0.417399804497          -1228.600664821501          -1228.399196482142
          -0.415444770283          -1228.600717621716          -1228.399292641948
          -0.413489736070          -1228.600765272944          -1228.399383889561
          -0.411534701857          -1228.600807872359          -1228.399470323729
          -0.409579667644          -1228.600845517134          -1228.399552043202
          -0.407624633431          -1228.600878304444          -1228.399629146729
          -0.405669599218          -1228.600906331461          -1228.399701733059
          -0.403714565005          -1228.600929695360          -1228.399769900940
          -0.401759530792          -1228.600948493313          -1228.399833749120
          -0.399804496579          -1228.600962822496          -1228.399893376350
          -0.397849462366          -1228.600972780081          -1228.399948881378
          -0.395894428152          -1228.600978463241          -1228.400000362952
          -0.393939393939          -1228.600979969151          -1228.400047919823
          -0.391984359726          -1228.600977394985          -1228.400091650737
          -0.390029325513          -1228.600970836300          -1228.400131652777
          -0.388074291300          -1228.600960368844          -1228.400168002563
          -0.386119257087          -1228.600946055068          -1228.400200762990
          -0.384164222874          -1228.600927957183          -1228.400229996698
          -0.382209188661          -1228.600906137396          -1228.400255766329
          -0.380254154448          -1228.600880657916          -1228.400278134523
          -0.378299120235          -1228.600851580951          -1228.400297163922
          -0.376344086022          -1228.600818968710          -1228.400312917166
          -0.374389051808          -1228.600782883400          -1228.400325456895
          -0.372434017595          -1228.600743387231          -1228.400334845752
          -0.370478983382          -1228.600700542410          -1228.400341146376
          -0.368523949169          -1228.600654411146          -1228.400344421409
          -0.366568914956          -1228.600605055648          -1228.400344733491
          -0.364613880743          -1228.600552538123          -1228.400342145264
          -0.362658846530          -1228.600496920780          -1228.400336719368
          -0.360703812317          -1228.600438265828          -1228.400328518444
          -0.358748778104          -1228.600376635474          -1228.400317605134
          -0.356793743891          -1228.600312091928          -1228.400304042077
          -0.354838709677          -1228.600244697397          -1228.400287891915
          -0.352883675464          -1228.600174514090          -1228.400269217289
          -0.350928641251          -1228.600101604216          -1228.400248080839
          -0.348973607038          -1228.600026029981          -1228.400224545206
          -0.347018572825          -1228.599947853596          -1228.400198673032
          -0.345063538612          -1228.599867137268          -1228.400170526957
          -0.343108504399          -1228.599783943206          -1228.400140169622
          -0.341153470186          -1228.599698333618          -1228.400107663668
          -0.339198435973          -1228.599610370713          -1228.400073071735
          -0.337243401760          -1228.599520116698          -1228.400036456466
          -0.335288367546          -1228.599427633782          -1228.399997880500
          -0.333333333333          -1228.599332984174          -1228.399957406478
          -0.331378299120          -1228.599236230082          -1228.399915097041
          -0.329423264907          -1228.599137433714          -1228.399871014831
          -0.327468230694          -1228.599036657279          -1228.399825222488
          -0.325513196481          -1228.598933962985          -1228.399777782653
          -0.323558162268          -1228.598829413040          -1228.399728757966
          -0.321603128055          -1228.598723069653          -1228.399678211069
          -0.319648093842          -1228.598614995031          -1228.399626204603
          -0.317693059629          -1228.598505251385          -1228.399572801208
          -0.315738025415          -1228.598393900921          -1228.399518063526
          -0.313782991202          -1228.598281005849          -1228.399462054196
          -0.311827956989          -1228.598166628375          -1228.399404835861
          -0.309872922776          -1228.598050830710          -1228.399346471160
          -0.307917888563          -1228.597933675061          -1228.399287022736
          -0.305962854350          -1228.597815223637          -1228.399226553228
          -0.304007820137          -1228.597695538621          -1228.399165125252
          -0.302052785924          -1228.597574674800          -1228.399102793692
          -0.300097751711          -1228.597452669198          -1228.399039594869
          -0.298142717498          -1228.597329556229          -1228.398975562377
          -0.296187683284          -1228.597205370308          -1228.398910729809
          -0.294232649071          -1228.597080145847          -1228.398845130759
          -0.292277614858          -1228.596953917262          -1228.398778798818
          -0.290322580645          -1228.596826718966          -1228.398711767582
          -0.288367546432          -1228.596698585374          -1228.398644070642
          -0.286412512219          -1228.596569550899          -1228.398575741594
          -0.284457478006          -1228.596439649956          -1228.398506814028
          -0.282502443793          -1228.596308916957          -1228.398437321540
          -0.280547409580          -1228.596177386319          -1228.398367297722
          -0.278592375367          -1228.596045092454          -1228.398296776167
          -0.276637341153          -1228.595912069776          -1228.398225790470
          -0.274682306940          -1228.595778352700          -1228.398154374222
          -0.272727272727          -1228.595643975639          -1228.398082561018
          -0.270772238514          -1228.595508973009          -1228.398010384451
          -0.268817204301          -1228.595373379221          -1228.397937878113
          -0.266862170088          -1228.595237228692          -1228.397865075599
          -0.264907135875          -1228.595100555835          -1228.397792010502
          -0.262952101662          -1228.594963395063          -1228.397718716414
          -0.260997067449          -1228.594825780791          -1228.397645226929
          -0.259042033236          -1228.594687747433          -1228.397571575641
          -0.257086999022          -1228.594549329403          -1228.397497796143
          -0.255131964809          -1228.594410561115          -1228.397423922027
          -0.253176930596          -1228.594271476983          -1228.397349986888
          -0.251221896383          -1228.594132111420          -1228.397276024318
          -0.249266862170          -1228.593992498842          -1228.397202067912
          -0.247311827957          -1228.593852673662          -1228.397128151261
          -0.245356793744          -1228.593712670294          -1228.397054307960
          -0.243401759531          -1228.593572523152          -1228.396980571601
          -0.241446725318          -1228.593432266651          -1228.396906975779
          -0.239491691105          -1228.593291935203          -1228.396833554086
          -0.237536656891          -1228.593151563224          -1228.396760340115
          -0.235581622678          -1228.593011185127          -1228.396687367461
          -0.233626588465          -1228.592870835326          -1228.396614669715
          -0.231671554252          -1228.592730548236          -1228.396542280472
          -0.229716520039          -1228.592590358270          -1228.396470233325
          -0.227761485826          -1228.592450299843          -1228.396398561867
          -0.225806451613          -1228.592310407368          -1228.396327299691
          -0.223851417400          -1228.592170715259          -1228.396256480390
          -0.221896383187          -1228.592031257931          -1228.396186137559
          -0.219941348974          -1228.591892069798          -1228.396116304789
          -0.217986314761          -1228.591753185273          -1228.396047015676
          -0.216031280547          -1228.591614637836          -1228.395978302798
          -0.214076246334          -1228.591476451162          -1228.395910188118
          -0.212121212121          -1228.591338643072          -1228.395842687258
          -0.210166177908          -1228.591201231309          -1228.395775815752
          -0.208211143695          -1228.591064233615          -1228.395709589136
          -0.206256109482          -1228.590927667733          -1228.395644022947
          -0.204301075269          -1228.590791551404          -1228.395579132720
          -0.202346041056          -1228.590655902372          -1228.395514933991
          -0.200391006843          -1228.590520738379          -1228.395451442295
          -0.198435972630          -1228.590386077167          -1228.395388673169
          -0.196480938416          -1228.590251936479          -1228.395326642148
          -0.194525904203          -1228.590118334058          -1228.395265364768
          -0.192570869990          -1228.589985287645          -1228.395204856564
          -0.190615835777          -1228.589852814984          -1228.395145133074
          -0.188660801564          -1228.589720933816          -1228.395086209831
          -0.186705767351          -1228.589589661885          -1228.395028102373
          -0.184750733138          -1228.589459016932          -1228.394970826234
          -0.182795698925          -1228.589329016700          -1228.394914396952
          -0.180840664712          -1228.589199678933          -1228.394858830060
          -0.178885630499          -1228.589071021371          -1228.394804141097
          -0.176930596285          -1228.588943061757          -1228.394750345596
          -0.174975562072          -1228.588815817835          -1228.394697459094
          -0.173020527859          -1228.588689307347          -1228.394645497126
          -0.171065493646          -1228.588563548034          -1228.394594475229
          -0.169110459433          -1228.588438557640          -1228.394544408939
          -0.167155425220          -1228.588314353907          -1228.394495313790
          -0.165200391007          -1228.588190954577          -1228.394447205319
          -0.163245356794          -1228.588068377392          -1228.394400099062
          -0.161290322581          -1228.587946640097          -1228.394354010554
          -0.159335288368          -1228.587825760432          -1228.394308955331
          -0.157380254154          -1228.587705756140          -1228.394264948929
          -0.155425219941          -1228.587586644964          -1228.394222006884
          -0.153470185728          -1228.587468444646          -1228.394180144731
          -0.151515151515          -1228.587351172930          -1228.394139378007
          -0.149560117302          -1228.587234847556          -1228.394099722247
          -0.147605083089          -1228.587119486268          -1228.394061192987
          -0.145650048876          -1228.587005106808          -1228.394023805762
          -0.143695014663          -1228.586891726918          -1228.393987576109
          -0.141739980450          -1228.586779364341          -1228.393952519563
          -0.139784946237          -1228.586668036820          -1228.393918651660
          -0.137829912023          -1228.586557762097          -1228.393885987936
          -0.135874877810          -1228.586448557915          -1228.393854543926
          -0.133919843597          -1228.586340442015          -1228.393824335167
          -0.131964809384          -1228.586233432141          -1228.393795377194
          -0.130009775171          -1228.586127546013          -1228.393767685521
          -0.128054740958          -1228.586022797709          -1228.393741271777
          -0.126099706745          -1228.585919193564          -1228.393716139345
          -0.124144672532          -1228.585816738922          -1228.393692290551
          -0.122189638319          -1228.585715439129          -1228.393669727723
          -0.120234604106          -1228.585615299530          -1228.393648453187
          -0.118279569892          -1228.585516325469          -1228.393628469269
          -0.116324535679          -1228.585418522292          -1228.393609778298
          -0.114369501466          -1228.585321895342          -1228.393592382599
          -0.112414467253          -1228.585226449966          -1228.393576284499
          -0.110459433040          -1228.585132191508          -1228.393561486326
          -0.108504398827          -1228.585039125314          -1228.393547990406
          -0.106549364614          -1228.584947256727          -1228.393535799065
          -0.104594330401          -1228.584856591092          -1228.393524914632
          -0.102639296188          -1228.584767133756          -1228.393515339431
          -0.100684261975          -1228.584678890063          -1228.393507075792
          -0.098729227761          -1228.584591865357          -1228.393500126039
          -0.096774193548          -1228.584506064984          -1228.393494492501
          -0.094819159335          -1228.584421494288          -1228.393490177503
          -0.092864125122          -1228.584338158614          -1228.393487183374
          -0.090909090909          -1228.584256063308          -1228.393485512438
          -0.088954056696          -1228.584175213715          -1228.393485167024
          -0.086999022483          -1228.584095615178          -1228.393486149459
          -0.085043988270          -1228.584017273044          -1228.393488462068
          -0.083088954057          -1228.583940192656          -1228.393492107179
          -0.081133919844          -1228.583864379361          -1228.393497087119
          -0.079178885630          -1228.583789838503          -1228.393503404215
          -0.077223851417          -1228.583716575426          -1228.393511060792
          -0.075268817204          -1228.583644595476          -1228.393520059179
          -0.073313782991          -1228.583573903998          -1228.393530401702
          -0.071358748778          -1228.583504506336          -1228.393542090688
          -0.069403714565          -1228.583436407836          -1228.393555128464
          -0.067448680352          -1228.583369613842          -1228.393569517356
          -0.065493646139          -1228.583304129699          -1228.393585259691
          -0.063538611926          -1228.583239960753          -1228.393602357796
          -0.061583577713          -1228.583177112348          -1228.393620813999
          -0.059628543500          -1228.583115589829          -1228.393640630625
          -0.057673509286          -1228.583055398541          -1228.393661810002
          -0.055718475073          -1228.582996543829          -1228.393684354457
          -0.053763440860          -1228.582939031038          -1228.393708266316
          -0.051808406647          -1228.582882865512          -1228.393733547906
          -0.049853372434          -1228.582828052598          -1228.393760201554
          -0.047898338221          -1228.582774597639          -1228.393788229586
          -0.045943304008          -1228.582722505981          -1228.393817634331
          -0.043988269795          -1228.582671782968          -1228.393848418114
          -0.042033235582          -1228.582622433319          -1228.393880582640
          -0.040078201369          -1228.582574456106          -1228.393914124003
          -0.038123167155          -1228.582527847398          -1228.393949035318
          -0.036168132942          -1228.582482603241          -1228.393985309671
          -0.034213098729          -1228.582438719677          -1228.394022940150
          -0.032258064516          -1228.582396192752          -1228.394061919842
          -0.030303030303          -1228.582355018509          -1228.394102241835
          -0.028347996090          -1228.582315192993          -1228.394143899215
          -0.026392961877          -1228.582276712247          -1228.394186885070
          -0.024437927664          -1228.582239572315          -1228.394231192487
          -0.022482893451          -1228.582203769242          -1228.394276814553
          -0.020527859238          -1228.582169299072          -1228.394323744355
          -0.018572825024          -1228.582136157847          -1228.394371974982
          -0.016617790811          -1228.582104341614          -1228.394421499519
          -0.014662756598          -1228.582073846415          -1228.394472311055
          -0.012707722385          -1228.582044668296          -1228.394524402676
          -0.010752688172          -1228.582016803298          -1228.394577767470
          -0.008797653959          -1228.581990247468          -1228.394632398524
          -0.006842619746          -1228.581964996849          -1228.394688288925
          -0.004887585533          -1228.581941047485          -1228.394745431760
          -0.002932551320          -1228.581918395419          -1228.394803820117
          -0.000977517107          -1228.581897036697          -1228.394863447084
           0.000977517107          -1228.581876967362          -1228.394924305746
           0.002932551320          -1228.581858183458          -1228.394986389192
           0.004887585533          -1228.581840681029          -1228.395049690508
           0.006842619746          -1228.581824456120          -1228.395114202782
           0.008797653959          -1228.581809504774          -1228.395179919102
           0.010752688172          -1228.581795823035          -1228.395246832554
           0.012707722385          -1228.581783406948          -1228.395314936226
           0.014662756598          -1228.581772252556          -1228.395384223204
           0.016617790811          -1228.581762355904          -1228.395454686576
           0.018572825024          -1228.581753713036          -1228.395526319430
           0.020527859238          -1228.581746319995          -1228.395599114853
           0.022482893451          -1228.581740172826          -1228.395673065931
           0.024437927664          -1228.581735267572          -1228.395748165753
           0.026392961877          -1228.581731600279          -1228.395824407405
           0.028347996090          -1228.581729166989          -1228.395901783974
           0.030303030303          -1228.581727963747          -1228.395980288548
           0.032258064516          -1228.581727986598          -1228.396059914214
           0.034213098729          -1228.581729231584          -1228.396140654060
           0.036168132942          -1228.581731694750          -1228.396222501172
           0.038123167155          -1228.581735372141          -1228.396305448638
           0.040078201369          -1228.581740259800          -1228.396389489545
           0.042033235582          -1228.581746353771          -1228.396474616980
           0.043988269795          -1228.581753650076          -1228.396560824011
           0.045943304008          -1228.581762142321          -1228.396648101522
           0.047898338221          -1228.581771819564          -1228.396736436290
           0.049853372434          -1228.581782670356          -1228.396825814633
           0.051808406647          -1228.581794683247          -1228.396916222870
           0.053763440860          -1228.581807846791          -1228.397007647322
           0.055718475073          -1228.581822149539          -1228.397100074307
           0.057673509286          -1228.581837580043          -1228.397193490145
           0.059628543500          -1228.581854126855          -1228.397287881155
           0.061583577713          -1228.581871778526          -1228.397383233658
           0.063538611926          -1228.581890523609          -1228.397479533972
           0.065493646139          -1228.581910350656          -1228.397576768416
           0.067448680352          -1228.581931248217          -1228.397674923310
           0.069403714565          -1228.581953204846          -1228.397773984975
           0.071358748778          -1228.581976209093          -1228.397873939728
           0.073313782991          -1228.582000249511          -1228.397974773890
           0.075268817204          -1228.582025314652          -1228.398076473780
           0.077223851417          -1228.582051393067          -1228.398179025717
           0.079178885630          -1228.582078473308          -1228.398282416021
           0.081133919844          -1228.582106543928          -1228.398386631012
           0.083088954057          -1228.582135593477          -1228.398491657008
           0.085043988270          -1228.582165610509          -1228.398597480329
           0.086999022483          -1228.582196583574          -1228.398704087295
           0.088954056696          -1228.582228501224          -1228.398811464225
           0.090909090909          -1228.582261352012          -1228.398919597438
           0.092864125122          -1228.582295124490          -1228.399028473255
           0.094819159335          -1228.582329807208          -1228.399138077994
           0.096774193548          -1228.582365388718          -1228.399248397974
           0.098729227761          -1228.582401857574          -1228.399359419516
           0.100684261975          -1228.582439202327          -1228.399471128939
           0.102639296188          -1228.582477411528          -1228.399583512561
           0.104594330401          -1228.582516473729          -1228.399696556703
           0.106549364614          -1228.582556377482          -1228.399810247685
           0.108504398827          -1228.582597111340          -1228.399924571825
           0.110459433040          -1228.582638663853          -1228.400039515443
           0.112414467253          -1228.582681023574          -1228.400155064858
           0.114369501466          -1228.582724179054          -1228.400271206390
           0.116324535679          -1228.582768118846          -1228.400387926358
           0.118279569892          -1228.582812831501          -1228.400505211082
           0.120234604106          -1228.582858305571          -1228.400623046881
           0.122189638319          -1228.582904529608          -1228.400741420074
           0.124144672532          -1228.582951492163          -1228.400860316981
           0.126099706745          -1228.582999181790          -1228.400979723922
           0.128054740958          -1228.583047587039          -1228.401099627216
           0.130009775171          -1228.583096696462          -1228.401220013182
           0.131964809384          -1228.583146498163          -1228.401340867787
           0.133919843597          -1228.583196976744          -1228.401462174234
           0.135874877810          -1228.583248115155          -1228.401583914426
           0.137829912023          -1228.583299896339          -1228.401706070260
           0.139784946237          -1228.583352303239          -1228.401828623632
           0.141739980450          -1228.583405318796          -1228.401951556437
           0.143695014663          -1228.583458925953          -1228.402074850571
           0.145650048876          -1228.583513107652          -1228.402198487930
           0.147605083089          -1228.583567846836          -1228.402322450409
           0.149560117302          -1228.583623126447          -1228.402446719906
           0.151515151515          -1228.583678929427          -1228.402571278316
           0.153470185728          -1228.583735238718          -1228.402696107534
           0.155425219941          -1228.583792037262          -1228.402821189456
           0.157380254154          -1228.583849308002          -1228.402946505979
           0.159335288368          -1228.583907033881          -1228.403072038998
           0.161290322581          -1228.583965197840          -1228.403197770409
           0.163245356794          -1228.584023782822          -1228.403323682108
           0.165200391007          -1228.584082771769          -1228.403449755991
           0.167155425220          -1228.584142147623          -1228.403575973953
           0.169110459433          -1228.584201893326          -1228.403702317891
           0.171065493646          -1228.584261991822          -1228.403828769701
           0.173020527859          -1228.584322426051          -1228.403955311278
           0.174975562072          -1228.584383178957          -1228.404081924518
           0.176930596285          -1228.584444233481          -1228.404208591317
           0.178885630499          -1228.584505572567          -1228.404335293571
           0.180840664712          -1228.584567179156          -1228.404462013176
           0.182795698925          -1228.584629036189          -1228.404588732028
           0.184750733138          -1228.584691126611          -1228.404715432022
           0.186705767351          -1228.584753433364          -1228.404842095056
           0.188660801564          -1228.584815939388          -1228.404968703023
           0.190615835777          -1228.584878627627          -1228.405095237820
           0.192570869990          -1228.584941481022          -1228.405221681344
           0.194525904203          -1228.585004482517          -1228.405348015489
           0.196480938416          -1228.585067615054          -1228.405474222153
           0.198435972630          -1228.585130861574          -1228.405600283230
           0.200391006843          -1228.585194205020          -1228.405726180617
           0.202346041056          -1228.585257628334          -1228.405851896209
           0.204301075269          -1228.585321114459          -1228.405977411903
           0.206256109482          -1228.585384646337          -1228.406102709594
           0.208211143695          -1228.585448206910          -1228.406227771178
           0.210166177908          -1228.585511779120          -1228.406352578551
           0.212121212121          -1228.585575345910          -1228.406477113609
           0.214076246334          -1228.585638890221          -1228.406601358248
           0.216031280547          -1228.585702394997          -1228.406725294364
           0.217986314761          -1228.585765843165          -1228.406848903840
           0.219941348974          -1228.585829216499          -1228.406972167731
           0.221896383187          -1228.585892494852          -1228.407095065692
           0.223851417400          -1228.585955657888          -1228.407217577250
           0.225806451613          -1228.586018685274          -1228.407339681929
           0.227761485826          -1228.586081556676          -1228.407461359253
           0.229716520039          -1228.586144251761          -1228.407582588749
           0.231671554252          -1228.586206750196          -1228.407703349940
           0.233626588465          -1228.586269031646          -1228.407823622351
           0.235581622678          -1228.586331075777          -1228.407943385507
           0.237536656891          -1228.586392862256          -1228.408062618934
           0.239491691105          -1228.586454370749          -1228.408181302155
           0.241446725318          -1228.586515580923          -1228.408299414697
           0.243401759531          -1228.586576472444          -1228.408416936083
           0.245356793744          -1228.586637024977          -1228.408533845838
           0.247311827957          -1228.586697218190          -1228.408650123488
           0.249266862170          -1228.586757031749          -1228.408765748557
           0.251221896383          -1228.586816445320          -1228.408880700570
           0.253176930596          -1228.586875438569          -1228.408994959053
           0.255131964809          -1228.586933991163          -1228.409108503528
           0.257086999022          -1228.586992082768          -1228.409221313523
           0.259042033236          -1228.587049693050          -1228.409333368561
           0.260997067449          -1228.587106801675          -1228.409444648168
           0.262952101662          -1228.587163388310          -1228.409555131867
           0.264907135875          -1228.587219432621          -1228.409664799185
           0.266862170088          -1228.587274914275          -1228.409773629646
           0.268817204301          -1228.587329812937          -1228.409881602774
           0.270772238514          -1228.587384108275          -1228.409988698095
           0.272727272727          -1228.587437779953          -1228.410094895133
           0.274682306940          -1228.587490807639          -1228.410200173414
           0.276637341153          -1228.587543170999          -1228.410304512462
           0.278592375367          -1228.587594849699          -1228.410407891802
           0.280547409580          -1228.587645823406          -1228.410510290959
           0.282502443793          -1228.587696071786          -1228.410611689458
           0.284457478006          -1228.587745574504          -1228.410712066823
           0.286412512219          -1228.587794311228          -1228.410811402580
           0.288367546432          -1228.587842261624          -1228.410909676253
           0.290322580645          -1228.587889405357          -1228.411006867367
           0.292277614858          -1228.587935722095          -1228.411102955447
           0.294232649071          -1228.587981191503          -1228.411197920018
           0.296187683284          -1228.588025793248          -1228.411291740605
           0.298142717498          -1228.588069506997          -1228.411384396732
           0.300097751711          -1228.588112312415          -1228.411475867925
           0.302052785924          -1228.588154189168          -1228.411566133708
           0.304007820137          -1228.588195116924          -1228.411655173606
           0.305962854350          -1228.588235075375          -1228.411742967259
           0.307917888563          -1228.588274044397          -1228.411829495092
           0.309872922776          -1228.588312003944          -1228.411914737853
           0.311827956989          -1228.588348933968          -1228.411998676295
           0.313782991202          -1228.588384814422          -1228.412081291168
           0.315738025415          -1228.588419625259          -1228.412162563224
           0.317693059629          -1228.588453346432          -1228.412242473215
           0.319648093842          -1228.588485957893          -1228.412321001890
           0.321603128055          -1228.588517439596          -1228.412398130003
           0.323558162268          -1228.588547771493          -1228.412473838303
           0.325513196481          -1228.588576933538          -1228.412548107542
           0.327468230694          -1228.588604905683          -1228.412620918472
           0.329423264907          -1228.588631667882          -1228.412692251844
           0.331378299120          -1228.588657200085          -1228.412762088408
           0.333333333333          -1228.588681482249          -1228.412830408916
           0.335288367546          -1228.588704494324          -1228.412897194120
           0.337243401760          -1228.588726216263          -1228.412962424771
           0.339198435973          -1228.588746628021          -1228.413026081619
           0.341153470186          -1228.588765709548          -1228.413088145417
           0.343108504399          -1228.588783440799          -1228.413148596915
           0.345063538612          -1228.588799801726          -1228.413207416865
           0.347018572825          -1228.588814772282          -1228.413264586017
           0.348973607038          -1228.588828332421          -1228.413320085124
           0.350928641251          -1228.588840462094          -1228.413373894937
           0.352883675464          -1228.588851141255          -1228.413425996206
           0.354838709677          -1228.588860349856          -1228.413476369683
           0.356793743891          -1228.588868067851          -1228.413524996119
           0.358748778104          -1228.588874275193          -1228.413571856266
           0.360703812317          -1228.588878951834          -1228.413616930874
           0.362658846530          -1228.588882077727          -1228.413660200696
           0.364613880743          -1228.588883632825          -1228.413701646481
           0.366568914956          -1228.588883597082          -1228.413741248982
           0.368523949169          -1228.588881950449          -1228.413778988951
           0.370478983382          -1228.588878672879          -1228.413814847136
           0.372434017595          -1228.588873744327          -1228.413848804291
           0.374389051808          -1228.588867144744          -1228.413880841167
           0.376344086022          -1228.588858854083          -1228.413910938514
           0.378299120235          -1228.588848852298          -1228.413939077085
           0.380254154448          -1228.588837119341          -1228.413965237630
           0.382209188661          -1228.588823635165          -1228.413989400900
           0.384164222874          -1228.588808379723          -1228.414011547647
           0.386119257087          -1228.588791332968          -1228.414031658622
           0.388074291300          -1228.588772474853          -1228.414049714577
           0.390029325513          -1228.588751785330          -1228.414065696262
           0.391984359726          -1228.588729244383          -1228.414079584462
           0.393939393939          -1228.588704833676          -1228.414091361811
           0.395894428152          -1228.588678537370          -1228.414101013694
           0.397849462366          -1228.588650339833          -1228.414108525719
           0.399804496579          -1228.588620225433          -1228.414113883496
           0.401759530792          -1228.588588178536          -1228.414117072635
           0.403714565005          -1228.588554183510          -1228.414118078745
           0.405669599218          -1228.588518224723          -1228.414116887435
           0.407624633431          -1228.588480286541          -1228.414113484316
           0.409579667644          -1228.588440353331          -1228.414107854996
           0.411534701857          -1228.588398409461          -1228.414099985085
           0.413489736070          -1228.588354439299          -1228.414089860193
           0.415444770283          -1228.588308427211          -1228.414077465929
           0.417399804497          -1228.588260357564          -1228.414062787902
           0.419354838710          -1228.588210214727          -1228.414045811722
           0.421309872923          -1228.588157983065          -1228.414026522999
           0.423264907136          -1228.588103646948          -1228.414004907342
           0.425219941349          -1228.588047190741          -1228.413980950359
           0.427174975562          -1228.587988598812          -1228.413954637663
           0.429130009775          -1228.587927855527          -1228.413925954860
           0.431085043988          -1228.587864945256          -1228.413894887561
           0.433040078201          -1228.587799852364          -1228.413861421375
           0.434995112414          -1228.587732561219          -1228.413825541912
           0.436950146628          -1228.587663056189          -1228.413787234782
           0.438905180841          -1228.587591321640          -1228.413746485593
           0.440860215054          -1228.587517341939          -1228.413703279955
           0.442815249267          -1228.587441101455          -1228.413657603478
           0.444770283480          -1228.587362584554          -1228.413609441771
           0.446725317693          -1228.587281775603          -1228.413558780444
           0.448680351906          -1228.587198658970          -1228.413505605106
           0.450635386119          -1228.587113219023          -1228.413449901367
           0.452590420332          -1228.587025440127          -1228.413391654836
           0.454545454545          -1228.586935306651          -1228.413330851122
           0.456500488759          -1228.586842802962          -1228.413267475835
           0.458455522972          -1228.586747913426          -1228.413201514585
           0.460410557185          -1228.586650622412          -1228.413132952981
           0.462365591398          -1228.586550914287          -1228.413061776632
           0.464320625611          -1228.586448773417          -1228.412987971149
           0.466275659824          -1228.586344184171          -1228.412911522139
           0.468230694037          -1228.586237130914          -1228.412832415214
           0.470185728250          -1228.586127598016          -1228.412750635982
           0.472140762463          -1228.586015569842          -1228.412666170053
           0.474095796676          -1228.585901030760          -1228.412579003036
           0.476050830890          -1228.585783965138          -1228.412489120542
           0.478005865103          -1228.585664357342          -1228.412396508178
           0.479960899316          -1228.585542192686          -1228.412301152463
           0.481915933529          -1228.585417462103          -1228.412203045304
           0.483870967742          -1228.585290158592          -1228.412102180592
           0.485826001955          -1228.585160275157          -1228.411998552221
           0.487781036168          -1228.585027804801          -1228.411892154084
           0.489736070381          -1228.584892740525          -1228.411782980075
           0.491691104594          -1228.584755075333          -1228.411671024088
           0.493646138807          -1228.584614802228          -1228.411556280016
           0.495601173021          -1228.584471914213          -1228.411438741753
           0.497556207234          -1228.584326404290          -1228.411318403193
           0.499511241447          -1228.584178265462          -1228.411195258228
           0.501466275660          -1228.584027490733          -1228.411069300754
           0.503421309873          -1228.583874073105          -1228.410940524663
           0.505376344086          -1228.583718005580          -1228.410808923849
           0.507331378299          -1228.583559281163          -1228.410674492206
           0.509286412512          -1228.583397892854          -1228.410537223628
           0.511241446725          -1228.583233833659          -1228.410397112008
           0.513196480938          -1228.583067096578          -1228.410254151239
           0.515151515152          -1228.582897674615          -1228.410108335216
           0.517106549365          -1228.582725560774          -1228.409959657832
           0.519061583578          -1228.582550748056          -1228.409808112981
           0.521016617791          -1228.582373229465          -1228.409653694556
           0.522971652004          -1228.582192998003          -1228.409496396452
           0.524926686217          -1228.582010046673          -1228.409336212560
           0.526881720430          -1228.581824368479          -1228.409173136777
           0.528836754643          -1228.581635956423          -1228.409007162994
           0.530791788856          -1228.581444803507          -1228.408838285106
           0.532746823069          -1228.581250902735          -1228.408666497007
           0.534701857283          -1228.581054247110          -1228.408491792589
           0.536656891496          -1228.580854829634          -1228.408314165747
           0.538611925709          -1228.580652643310          -1228.408133610374
           0.540566959922          -1228.580447681141          -1228.407950120364
           0.542521994135          -1228.580239936131          -1228.407763689611
           0.544477028348          -1228.580029401280          -1228.407574312008
           0.546432062561          -1228.579816069594          -1228.407381981449
           0.548387096774          -1228.579599934073          -1228.407186691827
           0.550342130987          -1228.579380987723          -1228.406988437037
           0.552297165200          -1228.579159223544          -1228.406787210971
           0.554252199413          -1228.578934634540          -1228.406583007525
           0.556207233627          -1228.578707213715          -1228.406375820589
           0.558162267840          -1228.578476954069          -1228.406165644060
           0.560117302053          -1228.578243848607          -1228.405952471831
           0.562072336266          -1228.578007890332          -1228.405736297794
           0.564027370479          -1228.577769072245          -1228.405517115845
           0.565982404692          -1228.577527387473          -1228.405294919997
           0.567937438905          -1228.577282834093          -1228.405069709237
           0.569892473118          -1228.577035416770          -1228.404841489156
           0.571847507331          -1228.576785140624          -1228.404610265799
           0.573802541544          -1228.576532010773          -1228.404376045214
           0.575757575758          -1228.576276032335          -1228.404138833446
           0.577712609971          -1228.576017210431          -1228.403898636542
           0.579667644184          -1228.575755550178          -1228.403655460548
           0.581622678397          -1228.575491056695          -1228.403409311511
           0.583577712610          -1228.575223735102          -1228.403160195477
           0.585532746823          -1228.574953590518          -1228.402908118492
           0.587487781036          -1228.574680628060          -1228.402653086604
           0.589442815249          -1228.574404852849          -1228.402395105857
           0.591397849462          -1228.574126270003          -1228.402134182299
           0.593352883675          -1228.573844884640          -1228.401870321976
           0.595307917889          -1228.573560701881          -1228.401603530934
           0.597262952102          -1228.573273726843          -1228.401333815220
           0.599217986315          -1228.572983964646          -1228.401061180880
           0.601173020528          -1228.572691420408          -1228.400785633961
           0.603128054741          -1228.572396099248          -1228.400507180508
           0.605083088954          -1228.572098006286          -1228.400225826569
           0.607038123167          -1228.571797146639          -1228.399941578190
           0.608993157380          -1228.571493525428          -1228.399654441417
           0.610948191593          -1228.571187147771          -1228.399364422296
           0.612903225806          -1228.570878018786          -1228.399071526874
           0.614858260020          -1228.570566143593          -1228.398775761197
           0.616813294233          -1228.570251527311          -1228.398477131312
           0.618768328446          -1228.569934175057          -1228.398175643265
           0.620723362659          -1228.569614091953          -1228.397871303103
           0.622678396872          -1228.569291283115          -1228.397564116871
           0.624633431085          -1228.568965753664          -1228.397254090616
           0.626588465298          -1228.568637508717          -1228.396941230385
           0.628543499511          -1228.568306553395          -1228.396625542225
           0.630498533724          -1228.567972892815          -1228.396307032180
           0.632453567937          -1228.567636532097          -1228.395985706298
           0.634408602151          -1228.567297476359          -1228.395661570625
           0.636363636364          -1228.566955730721          -1228.395334631208
           0.638318670577          -1228.566611300301          -1228.395004894093
           0.640273704790          -1228.566264190218          -1228.394672365326
           0.642228739003          -1228.565914405591          -1228.394337050953
           0.644183773216          -1228.565561951539          -1228.393998957022
           0.646138807429          -1228.565206833181          -1228.393658089579
           0.648093841642          -1228.564849055636          -1228.393314454669
           0.650048875855          -1228.564488624022          -1228.392968058339
           0.652003910068          -1228.564125543460          -1228.392618906636
           0.653958944282          -1228.563759821136          -1228.392267007645
           0.655913978495          -1228.563391475006          -1228.391912380043
           0.657869012708          -1228.563020526510          -1228.391555045944
           0.659824046921          -1228.562646997090          -1228.391195027461
           0.661779081134          -1228.562270908189          -1228.390832346708
           0.663734115347          -1228.561892281248          -1228.390467025798
           0.665689149560          -1228.561511137711          -1228.390099086844
           0.667644183773          -1228.561127499018          -1228.389728551961
           0.669599217986          -1228.560741386613          -1228.389355443262
           0.671554252199          -1228.560352821938          -1228.388979782861
           0.673509286413          -1228.559961826435          -1228.388601592870
           0.675464320626          -1228.559568421547          -1228.388220895405
           0.677419354839          -1228.559172628715          -1228.387837712578
           0.679374389052          -1228.558774469383          -1228.387452066503
           0.681329423265          -1228.558373964991          -1228.387063979293
           0.683284457478          -1228.557971136984          -1228.386673473063
           0.685239491691          -1228.557566006802          -1228.386280569926
           0.687194525904          -1228.557158595889          -1228.385885291995
           0.689149560117          -1228.556748925686          -1228.385487661383
           0.691104594330          -1228.556337017636          -1228.385087700206
           0.693059628543          -1228.555922893181          -1228.384685430576
           0.695014662757          -1228.555506573763          -1228.384280874607
           0.696969696970          -1228.555088080825          -1228.383874054412
           0.698924731183          -1228.554667435810          -1228.383464992105
           0.700879765396          -1228.554244660158          -1228.383053709800
           0.702834799609          -1228.553819775313          -1228.382640229610
           0.704789833822          -1228.553392802716          -1228.382224573649
           0.706744868035          -1228.552963763811          -1228.381806764030
           0.708699902248          -1228.552532680040          -1228.381386822868
           0.710654936461          -1228.552099572844          -1228.380964772275
           0.712609970674          -1228.551664463666          -1228.380540634365
           0.714565004888          -1228.551227373949          -1228.380114431253
           0.716520039101          -1228.550788325134          -1228.379686185050
           0.718475073314          -1228.550347338664          -1228.379255917872
           0.720430107527          -1228.549904435981          -1228.378823651832
           0.722385141740          -1228.549459638528          -1228.378389409042
           0.724340175953          -1228.549012967747          -1228.377953211618
           0.726295210166          -1228.548564445079          -1228.377515081672
           0.728250244379          -1228.548114091969          -1228.377075041318
           0.730205278592          -1228.547661929856          -1228.376633112670
           0.732160312805          -1228.547207980185          -1228.376189317841
           0.734115347019          -1228.546752264397          -1228.375743678945
           0.736070381232          -1228.546294803934          -1228.375296218096
           0.738025415445          -1228.545835620240          -1228.374846957406
           0.739980449658          -1228.545374734794          -1228.374395919033
           0.741935483871          -1228.544912170303          -1228.373943126462
           0.743890518084          -1228.544447950928          -1228.373488604763
           0.745845552297          -1228.543982100914          -1228.373032379095
           0.747800586510          -1228.543514644503          -1228.372574474615
           0.749755620723          -1228.543045605942          -1228.372114916485
           0.751710654936          -1228.542575009474          -1228.371653729862
           0.753665689150          -1228.542102879343          -1228.371190939907
           0.755620723363          -1228.541629239794          -1228.370726571777
           0.757575757576          -1228.541154115072          -1228.370260650633
           0.759530791789          -1228.540677529420          -1228.369793201632
           0.761485826002          -1228.540199507083          -1228.369324249936
           0.763440860215          -1228.539720072305          -1228.368853820701
           0.765395894428          -1228.539239249331          -1228.368381939089
           0.767350928641          -1228.538757062405          -1228.367908630257
           0.769305962854          -1228.538273535772          -1228.367433919365
           0.771260997067          -1228.537788693675          -1228.366957831572
           0.773216031281          -1228.537302560359          -1228.366480392038
           0.775171065494          -1228.536815160069          -1228.366001625921
           0.777126099707          -1228.536326517049          -1228.365521558380
           0.779081133920          -1228.535836655543          -1228.365040214575
           0.781036168133          -1228.535345599796          -1228.364557619665
           0.782991202346          -1228.534853374051          -1228.364073798808
           0.784946236559          -1228.534360002554          -1228.363588777165
           0.786901270772          -1228.533865509549          -1228.363102579894
           0.788856304985          -1228.533369919280          -1228.362615232154
           0.790811339198          -1228.532873255991          -1228.362126759104
           0.792766373412          -1228.532375543927          -1228.361637185904
           0.794721407625          -1228.531876807332          -1228.361146537712
           0.796676441838          -1228.531377070450          -1228.360654839688
           0.798631476051          -1228.530876357527          -1228.360162116991
           0.800586510264          -1228.530374692805          -1228.359668394781
           0.802541544477          -1228.529872100531          -1228.359173698215
           0.804496578690          -1228.529368604947          -1228.358678052454
           0.806451612903          -1228.528864230298          -1228.358181482656
           0.808406647116          -1228.528359000830          -1228.357684013981
           0.810361681329          -1228.527852940785          -1228.357185671587
           0.812316715543          -1228.527346074409          -1228.356686480634
           0.814271749756          -1228.526838425945          -1228.356186466281
           0.816226783969          -1228.526330019638          -1228.355685653687
           0.818181818182          -1228.525820879734          -1228.355184068012
           0.820136852395          -1228.525311030475          -1228.354681734414
           0.822091886608          -1228.524800496105          -1228.354178678052
           0.824046920821          -1228.524289300871          -1228.353674924085
           0.826001955034          -1228.523777469016          -1228.353170497674
           0.827956989247          -1228.523265030189          -1228.352665429299
           0.829912023460          -1228.522752038675          -1228.352159773705
           0.831867057674          -1228.522238555778          -1228.351653592544
           0.833822091887          -1228.521724642799          -1228.351146947471
           0.835777126100          -1228.521210361041          -1228.350639900138
           0.837732160313          -1228.520695771805          -1228.350132512201
           0.839687194526          -1228.520180936395          -1228.349624845311
           0.841642228739          -1228.519665916112          -1228.349116961123
           0.843597262952          -1228.519150772258          -1228.348608921292
           0.845552297165          -1228.518635566137          -1228.348100787469
           0.847507331378          -1228.518120359050          -1228.347592621309
           0.849462365591          -1228.517605212300          -1228.347084484466
           0.851417399804          -1228.517090187190          -1228.346576438594
           0.853372434018          -1228.516575345020          -1228.346068545344
           0.855327468231          -1228.516060747094          -1228.345560866373
           0.857282502444          -1228.515546454714          -1228.345053463333
           0.859237536657          -1228.515032529183          -1228.344546397878
           0.861192570870          -1228.514519031802          -1228.344039731661
           0.863147605083          -1228.514006023873          -1228.343533526337
           0.865102639296          -1228.513493566701          -1228.343027843559
           0.867057673509          -1228.512981721586          -1228.342522744980
           0.869012707722          -1228.512470549830          -1228.342018292254
           0.870967741935          -1228.511960112737          -1228.341514547035
           0.872922776149          -1228.511450471608          -1228.341011570977
           0.874877810362          -1228.510941687747          -1228.340509425733
           0.876832844575          -1228.510433822454          -1228.340008172957
           0.878787878788          -1228.509926937033          -1228.339507874302
           0.880742913001          -1228.509421092785          -1228.339008591423
           0.882697947214          -1228.508916351014          -1228.338510385972
           0.884652981427          -1228.508412773021          -1228.338013319604
           0.886608015640          -1228.507910420108          -1228.337517453972
           0.888563049853          -1228.507409353579          -1228.337022850730
           0.890518084066          -1228.506909634735          -1228.336529571531
           0.892473118280          -1228.506411324879          -1228.336037678030
           0.894428152493          -1228.505914485313          -1228.335547231879
           0.896383186706          -1228.505419177339          -1228.335058294733
           0.898338220919          -1228.504925462259          -1228.334570928245
           0.900293255132          -1228.504433401377          -1228.334085194068
           0.902248289345          -1228.503943055993          -1228.333601153857
           0.904203323558          -1228.503454487412          -1228.333118869266
           0.906158357771          -1228.502967756934          -1228.332638401947
           0.908113391984          -1228.502482925862          -1228.332159813554
           0.910068426197          -1228.502000055499          -1228.331683165742
           0.912023460411          -1228.501519207147          -1228.331208520163
           0.913978494624          -1228.501040439686          -1228.330735936056
           0.915933528837          -1228.500563750236          -1228.330265411035
           0.917888563050          -1228.500089070598          -1228.329796877542
           0.919843597263          -1228.499616329435          -1228.329330264890
           0.921798631476          -1228.499145455411          -1228.328865502392
           0.923753665689          -1228.498676377189          -1228.328402519361
           0.925708699902          -1228.498209023435          -1228.327941245110
           0.927663734115          -1228.497743322811          -1228.327481608950
           0.929618768328          -1228.497279203982          -1228.327023540196
           0.931573802542          -1228.496816595611          -1228.326566968159
           0.933528836755          -1228.496355426362          -1228.326111822154
           0.935483870968          -1228.495895624900          -1228.325658031492
           0.937438905181          -1228.495437119888          -1228.325205525487
           0.939393939394          -1228.494979839990          -1228.324754233451
           0.941348973607          -1228.494523713870          -1228.324304084697
           0.943304007820          -1228.494068670192          -1228.323855008538
           0.945259042033          -1228.493614637619          -1228.323406934288
           0.947214076246          -1228.493161544817          -1228.322959791258
           0.949169110459          -1228.492709320448          -1228.322513508761
           0.951124144673          -1228.492257893176          -1228.322068016111
           0.953079178886          -1228.491807191666          -1228.321623242620
           0.955034213099          -1228.491357144581          -1228.321179117602
           0.956989247312          -1228.490907680586          -1228.320735570368
           0.958944281525          -1228.490458728343          -1228.320292530232
           0.960899315738          -1228.490010216518          -1228.319849926506
           0.962854349951          -1228.489562073773          -1228.319407688504
           0.964809384164          -1228.489114228774          -1228.318965745538
           0.966764418377          -1228.488666610183          -1228.318524026922
           0.968719452590          -1228.488219146665          -1228.318082461967
           0.970674486804          -1228.487771766883          -1228.317640979987
           0.972629521017          -1228.487324399502          -1228.317199510295
           0.974584555230          -1228.486876973185          -1228.316757982204
           0.976539589443          -1228.486429416597          -1228.316316325025
           0.978494623656          -1228.485981658400          -1228.315874468073
           0.980449657869          -1228.485533627260          -1228.315432340660
           0.982404692082          -1228.485085251840          -1228.314989872099
           0.984359726295          -1228.484636460803          -1228.314546991702
           0.986314760508          -1228.484187182815          -1228.314103628783
           0.988269794721          -1228.483737346538          -1228.313659712655
           0.990224828935          -1228.483286880636          -1228.313215172629
           0.992179863148          -1228.482835713774          -1228.312769938020
           0.994134897361          -1228.482383774616          -1228.312323938139
           0.996089931574          -1228.481930991825          -1228.311877102301
           0.998044965787          -1228.481477294065          -1228.311429359817
           1.000000000000          -1228.481022610000          -1228.310980640000
