          -1.000000000000          -1227.565566790000          -1227.356733790000
          -0.998044965787          -1227.577141287813          -1227.368329503595
          -0.996089931574          -1227.588807722538          -1227.380017161236
          -0.994134897361          -1227.600559444690          -1227.391790112922
          -0.992179863148          -1227.612389804783          -1227.403641708649
          -0.990224828935          -1227.624292153330          -1227.415565298417
          -0.988269794721          -1227.636259840846          -1227.427554232223
          -0.986314760508          -1227.648286217845          -1227.439601860066
          -0.984359726295          -1227.660364634841          -1227.451701531944
          -0.982404692082          -1227.672488442349          -1227.463846597856
          -0.980449657869          -1227.684650990881          -1227.476030407798
          -0.978494623656          -1227.696845630953          -1227.488246311769
          -0.976539589443          -1227.709065713078          -1227.500487659768
          -0.974584555230          -1227.721304587771          -1227.512747801793
          -0.972629521017          -1227.733555605546          -1227.525020087842
          -0.970674486804          -1227.745812116916          -1227.537297867913
          -0.968719452590          -1227.758067472397          -1227.549574492004
          -0.966764418377          -1227.770315022501          -1227.561843310113
          -0.964809384164          -1227.782548117744          -1227.574097672240
          -0.962854349951          -1227.794760108638          -1227.586330928380
          -0.960899315738          -1227.806944345699          -1227.598536428534
          -0.958944281525          -1227.819094179441          -1227.610707522698
          -0.956989247312          -1227.831202960376          -1227.622837560872
          -0.955034213099          -1227.843264039021          -1227.634919893053
          -0.953079178886          -1227.855270765888          -1227.646947869240
          -0.951124144673          -1227.867216491492          -1227.658914839430
          -0.949169110459          -1227.879094566347          -1227.670814153622
          -0.947214076246          -1227.890898340967          -1227.682639161814
          -0.945259042033          -1227.902621165867          -1227.694383214005
          -0.943304007820          -1227.914256391559          -1227.706039660191
          -0.941348973607          -1227.925797368559          -1227.717601850372
          -0.939393939394          -1227.937237447380          -1227.729063134546
          -0.937438905181          -1227.948569978537          -1227.740416862711
          -0.935483870968          -1227.959788312543          -1227.751656384865
          -0.933528836755          -1227.970885799913          -1227.762775051006
          -0.931573802542          -1227.981855791162          -1227.773766211132
          -0.929618768328          -1227.992691636802          -1227.784623215242
          -0.927663734115          -1228.003386687348          -1227.795339413334
          -0.925708699902          -1228.013934293314          -1227.805908155405
          -0.923753665689          -1228.024327805215          -1227.816322791454
          -0.921798631476          -1228.034560573564          -1227.826576671480
          -0.919843597263          -1228.044625948875          -1227.836663145479
          -0.917888563050          -1228.054517281663          -1227.846575563452
          -0.915933528837          -1228.064227922443          -1227.856307275395
          -0.913978494624          -1228.073751221726          -1227.865851631306
          -0.912023460411          -1228.083080771035          -1227.875202222226
          -0.910068426197          -1228.092215183228          -1227.884357661236
          -0.908113391984          -1228.101157818654          -1227.893321309582
          -0.906158357771          -1228.109912223847          -1227.902096714716
          -0.904203323558          -1228.118481945339          -1227.910687424093
          -0.902248289345          -1228.126870529663          -1227.919096985165
          -0.900293255132          -1228.135081523352          -1227.927328945387
          -0.898338220919          -1228.143118472938          -1227.935386852210
          -0.896383186706          -1228.150984924956          -1227.943274253089
          -0.894428152493          -1228.158684425936          -1227.950994695478
          -0.892473118280          -1228.166220522413          -1227.958551726829
          -0.890518084066          -1228.173596760919          -1227.965948894596
          -0.888563049853          -1228.180816687987          -1227.973189746232
          -0.886608015640          -1228.187883850149          -1227.980277829191
          -0.884652981427          -1228.194801793940          -1227.987216690926
          -0.882697947214          -1228.201574065890          -1227.994009878891
          -0.880742913001          -1228.208204212534          -1228.000660940538
          -0.878787878788          -1228.214695780404          -1228.007173423322
          -0.876832844575          -1228.221052316033          -1228.013550874696
          -0.874877810362          -1228.227277365954          -1228.019796842112
          -0.872922776149          -1228.233374476700          -1228.025914873026
          -0.870967741935          -1228.239347194802          -1228.031908514889
          -0.869012707722          -1228.245199066796          -1228.037781315155
          -0.867057673509          -1228.250933639212          -1228.043536821278
          -0.865102639296          -1228.256554458584          -1228.049178580711
          -0.863147605083          -1228.262065071445          -1228.054710140908
          -0.861192570870          -1228.267469024328          -1228.060135049321
          -0.859237536657          -1228.272769863765          -1228.065456853405
          -0.857282502444          -1228.277971136290          -1228.070679100613
          -0.855327468231          -1228.283076388434          -1228.075805338397
          -0.853372434018          -1228.288089166732          -1228.080839114212
          -0.851417399804          -1228.293013017716          -1228.085783975511
          -0.849462365591          -1228.297851487918          -1228.090643469747
          -0.847507331378          -1228.302608123872          -1228.095421144374
          -0.845552297165          -1228.307286472110          -1228.100120546844
          -0.843597262952          -1228.311890079165          -1228.104745224613
          -0.841642228739          -1228.316422491570          -1228.109298725132
          -0.839687194526          -1228.320887255859          -1228.113784595855
          -0.837732160313          -1228.325287918562          -1228.118206384236
          -0.835777126100          -1228.329628026215          -1228.122567637728
          -0.833822091887          -1228.333911125349          -1228.126871903785
          -0.831867057674          -1228.338140762497          -1228.131122729859
          -0.829912023460          -1228.342320484192          -1228.135323663404
          -0.827956989247          -1228.346453836966          -1228.139478251874
          -0.826001955034          -1228.350544367305          -1228.143590042674
          -0.824046920821          -1228.354594945930          -1228.147661907394
          -0.822091886608          -1228.358606070587          -1228.151694344471
          -0.820136852395          -1228.362577718432          -1228.155687331711
          -0.818181818182          -1228.366509866620          -1228.159640846921
          -0.816226783969          -1228.370402492307          -1228.163554867908
          -0.814271749756          -1228.374255572651          -1228.167429372478
          -0.812316715543          -1228.378069084806          -1228.171264338439
          -0.810361681329          -1228.381843005928          -1228.175059743596
          -0.808406647116          -1228.385577313173          -1228.178815565757
          -0.806451612903          -1228.389271983697          -1228.182531782727
          -0.804496578690          -1228.392926994657          -1228.186208372314
          -0.802541544477          -1228.396542323207          -1228.189845312325
          -0.800586510264          -1228.400117946504          -1228.193442580566
          -0.798631476051          -1228.403653841704          -1228.197000154843
          -0.796676441838          -1228.407149985964          -1228.200518012964
          -0.794721407625          -1228.410606356437          -1228.203996132736
          -0.792766373412          -1228.414022930281          -1228.207434491963
          -0.790811339198          -1228.417399684652          -1228.210833068455
          -0.788856304985          -1228.420736596705          -1228.214191840016
          -0.786901270772          -1228.424033643596          -1228.217510784455
          -0.784946236559          -1228.427290802482          -1228.220789879577
          -0.782991202346          -1228.430508050518          -1228.224029103189
          -0.781036168133          -1228.433685364860          -1228.227228433098
          -0.779081133920          -1228.436822722664          -1228.230387847110
          -0.777126099707          -1228.439920101086          -1228.233507323033
          -0.775171065494          -1228.442977477282          -1228.236586838672
          -0.773216031281          -1228.445994828407          -1228.239626371835
          -0.771260997067          -1228.448972131619          -1228.242625900329
          -0.769305962854          -1228.451909364072          -1228.245585401959
          -0.767350928641          -1228.454806502922          -1228.248504854532
          -0.765395894428          -1228.457663525326          -1228.251384235856
          -0.763440860215          -1228.460480408439          -1228.254223523737
          -0.761485826002          -1228.463257129418          -1228.257022695982
          -0.759530791789          -1228.465993665418          -1228.259781730397
          -0.757575757576          -1228.468689993595          -1228.262500604789
          -0.755620723363          -1228.471346091105          -1228.265179296964
          -0.753665689150          -1228.473961935103          -1228.267817784730
          -0.751710654936          -1228.476537502747          -1228.270416045893
          -0.749755620723          -1228.479072771192          -1228.272974058259
          -0.747800586510          -1228.481567717594          -1228.275491799636
          -0.745845552297          -1228.484022319108          -1228.277969247830
          -0.743890518084          -1228.486436552890          -1228.280406380647
          -0.741935483871          -1228.488810396097          -1228.282803175895
          -0.739980449658          -1228.491143825885          -1228.285159611379
          -0.738025415445          -1228.493436835593          -1228.287475681089
          -0.736070381232          -1228.495689697790          -1228.289751658174
          -0.734115347019          -1228.497902920671          -1228.291988051360
          -0.732160312805          -1228.500077019819          -1228.294185376760
          -0.730205278592          -1228.502212510817          -1228.296344150483
          -0.728250244379          -1228.504309909249          -1228.298464888643
          -0.726295210166          -1228.506369730698          -1228.300548107350
          -0.724340175953          -1228.508392490746          -1228.302594322717
          -0.722385141740          -1228.510378704978          -1228.304604050854
          -0.720430107527          -1228.512328888976          -1228.306577807873
          -0.718475073314          -1228.514243558324          -1228.308516109885
          -0.716520039101          -1228.516123228604          -1228.310419473003
          -0.714565004888          -1228.517968415400          -1228.312288413338
          -0.712609970674          -1228.519779634294          -1228.314123447000
          -0.710654936461          -1228.521557400871          -1228.315925090103
          -0.708699902248          -1228.523302230713          -1228.317693858757
          -0.706744868035          -1228.525014639404          -1228.319430269073
          -0.704789833822          -1228.526695142526          -1228.321134837164
          -0.702834799609          -1228.528344255663          -1228.322808079140
          -0.700879765396          -1228.529962494398          -1228.324450511114
          -0.698924731183          -1228.531550374313          -1228.326062649197
          -0.696969696970          -1228.533108410993          -1228.327645009499
          -0.695014662757          -1228.534637120021          -1228.329198108134
          -0.693059628543          -1228.536137016979          -1228.330722461213
          -0.691104594330          -1228.537608617451          -1228.332218584846
          -0.689149560117          -1228.539052437020          -1228.333686995146
          -0.687194525904          -1228.540468991268          -1228.335128208223
          -0.685239491691          -1228.541858795780          -1228.336542740190
          -0.683284457478          -1228.543222366139          -1228.337931107158
          -0.681329423265          -1228.544560217927          -1228.339293825239
          -0.679374389052          -1228.545872866728          -1228.340631410544
          -0.677419354839          -1228.547160828124          -1228.341944379184
          -0.675464320626          -1228.548424617700          -1228.343233247272
          -0.673509286413          -1228.549664751038          -1228.344498530917
          -0.671554252199          -1228.550881743721          -1228.345740746234
          -0.669599217986          -1228.552076111333          -1228.346960409332
          -0.667644183773          -1228.553248369457          -1228.348158036323
          -0.665689149560          -1228.554399033675          -1228.349334143319
          -0.663734115347          -1228.555528619572          -1228.350489246431
          -0.661779081134          -1228.556637642729          -1228.351623861770
          -0.659824046921          -1228.557726618732          -1228.352738505449
          -0.657869012708          -1228.558796063161          -1228.353833693579
          -0.655913978495          -1228.559846491602          -1228.354909942271
          -0.653958944282          -1228.560878419636          -1228.355967767637
          -0.652003910068          -1228.561892362807          -1228.357007685749
          -0.650048875855          -1228.562888759109          -1228.358030135194
          -0.648093841642          -1228.563867807150          -1228.359035315378
          -0.646138807429          -1228.564829659488          -1228.360023379701
          -0.644183773216          -1228.565774468687          -1228.360994481560
          -0.642228739003          -1228.566702387306          -1228.361948774355
          -0.640273704790          -1228.567613567908          -1228.362886411484
          -0.638318670577          -1228.568508163052          -1228.363807546347
          -0.636363636364          -1228.569386325299          -1228.364712332341
          -0.634408602151          -1228.570248207211          -1228.365600922866
          -0.632453567937          -1228.571093961348          -1228.366473471321
          -0.630498533724          -1228.571923740272          -1228.367330131103
          -0.628543499511          -1228.572737696543          -1228.368171055613
          -0.626588465298          -1228.573535982723          -1228.368996398249
          -0.624633431085          -1228.574318751371          -1228.369806312409
          -0.622678396872          -1228.575086155050          -1228.370600951492
          -0.620723362659          -1228.575838346321          -1228.371380468898
          -0.618768328446          -1228.576575477743          -1228.372145018024
          -0.616813294233          -1228.577297701879          -1228.372894752270
          -0.614858260020          -1228.578005171289          -1228.373629825034
          -0.612903225806          -1228.578698038534          -1228.374350389715
          -0.610948191593          -1228.579376456174          -1228.375056599713
          -0.608993157380          -1228.580040576772          -1228.375748608425
          -0.607038123167          -1228.580690552887          -1228.376426569251
          -0.605083088954          -1228.581326537082          -1228.377090635589
          -0.603128054741          -1228.581948681916          -1228.377740960838
          -0.601173020528          -1228.582557139951          -1228.378377698396
          -0.599217986315          -1228.583152063748          -1228.379001001664
          -0.597262952102          -1228.583733605867          -1228.379611024039
          -0.595307917889          -1228.584301918870          -1228.380207918919
          -0.593352883675          -1228.584857155317          -1228.380791839705
          -0.591397849462          -1228.585399467771          -1228.381362939795
          -0.589442815249          -1228.585929008790          -1228.381921372586
          -0.587487781036          -1228.586445930937          -1228.382467291479
          -0.585532746823          -1228.586950386772          -1228.383000849872
          -0.583577712610          -1228.587442528857          -1228.383522201164
          -0.581622678397          -1228.587922509752          -1228.384031498753
          -0.579667644184          -1228.588390482018          -1228.384528896039
          -0.577712609971          -1228.588846598217          -1228.385014546419
          -0.575757575758          -1228.589291010908          -1228.385488603294
          -0.573802541544          -1228.589723872654          -1228.385951220061
          -0.571847507331          -1228.590145336015          -1228.386402550119
          -0.569892473118          -1228.590555553552          -1228.386842746868
          -0.567937438905          -1228.590954677825          -1228.387271963706
          -0.565982404692          -1228.591342861397          -1228.387690354031
          -0.564027370479          -1228.591720255940          -1228.388098070384
          -0.562072336266          -1228.592087000287          -1228.388495252873
          -0.560117302053          -1228.592443223605          -1228.388882032252
          -0.558162267840          -1228.592789054823          -1228.389258539044
          -0.556207233627          -1228.593124622870          -1228.389624903773
          -0.554252199413          -1228.593450056677          -1228.389981256962
          -0.552297165200          -1228.593765485173          -1228.390327729135
          -0.550342130987          -1228.594071037289          -1228.390664450815
          -0.548387096774          -1228.594366841954          -1228.390991552526
          -0.546432062561          -1228.594653028098          -1228.391309164792
          -0.544477028348          -1228.594929724651          -1228.391617418136
          -0.542521994135          -1228.595197060542          -1228.391916443082
          -0.540566959922          -1228.595455164702          -1228.392206370153
          -0.538611925709          -1228.595704166060          -1228.392487329874
          -0.536656891496          -1228.595944193546          -1228.392759452766
          -0.534701857283          -1228.596175376090          -1228.393022869355
          -0.532746823069          -1228.596397842621          -1228.393277710164
          -0.530791788856          -1228.596611722070          -1228.393524105717
          -0.528836754643          -1228.596817143366          -1228.393762186536
          -0.526881720430          -1228.597014235440          -1228.393992083145
          -0.524926686217          -1228.597203127221          -1228.394213926070
          -0.522971652004          -1228.597383947638          -1228.394427845831
          -0.521016617791          -1228.597556825622          -1228.394633972955
          -0.519061583578          -1228.597721890102          -1228.394832437963
          -0.517106549365          -1228.597879270009          -1228.395023371380
          -0.515151515152          -1228.598029094272          -1228.395206903729
          -0.513196480938          -1228.598171491820          -1228.395383165534
          -0.511241446725          -1228.598306591585          -1228.395552287318
          -0.509286412512          -1228.598434522494          -1228.395714399606
          -0.507331378299          -1228.598555413479          -1228.395869632920
          -0.505376344086          -1228.598669393470          -1228.396018117784
          -0.503421309873          -1228.598776591395          -1228.396159984722
          -0.501466275660          -1228.598877136185          -1228.396295364257
          -0.499511241447          -1228.598971156770          -1228.396424386914
          -0.497556207234          -1228.599058782079          -1228.396547183215
          -0.495601173021          -1228.599140141043          -1228.396663883684
          -0.493646138807          -1228.599215362590          -1228.396774618845
          -0.491691104594          -1228.599284575652          -1228.396879519222
          -0.489736070381          -1228.599347909157          -1228.396978715337
          -0.487781036168          -1228.599405492036          -1228.397072337715
          -0.485826001955          -1228.599457453218          -1228.397160516880
          -0.483870967742          -1228.599503921633          -1228.397243383354
          -0.481915933529          -1228.599545026212          -1228.397321067661
          -0.479960899316          -1228.599580895883          -1228.397393700326
          -0.478005865103          -1228.599611659554          -1228.397461411848
          -0.476050830890          -1228.599637431126          -1228.397524317679
          -0.474095796676          -1228.599658283706          -1228.397582492351
          -0.472140762463          -1228.599674283529          -1228.397636003509
          -0.470185728250          -1228.599685496832          -1228.397684918795
          -0.468230694037          -1228.599691989851          -1228.397729305851
          -0.466275659824          -1228.599693828822          -1228.397769232323
          -0.464320625611          -1228.599691079982          -1228.397804765853
          -0.462365591398          -1228.599683809566          -1228.397835974085
          -0.460410557185          -1228.599672083811          -1228.397862924661
          -0.458455522972          -1228.599655968953          -1228.397885685225
          -0.456500488759          -1228.599635531229          -1228.397904323421
          -0.454545454545          -1228.599610836874          -1228.397918906891
          -0.452590420332          -1228.599581952126          -1228.397929503280
          -0.450635386119          -1228.599548943220          -1228.397936180229
          -0.448680351906          -1228.599511876392          -1228.397939005383
          -0.446725317693          -1228.599470817880          -1228.397938046386
          -0.444770283480          -1228.599425833918          -1228.397933370879
          -0.442815249267          -1228.599376990743          -1228.397925046507
          -0.440860215054          -1228.599324354592          -1228.397913140913
          -0.438905180841          -1228.599267991701          -1228.397897721740
          -0.436950146628          -1228.599207968307          -1228.397878856632
          -0.434995112414          -1228.599144350645          -1228.397856613231
          -0.433040078201          -1228.599077204950          -1228.397831059182
          -0.431085043988          -1228.599006597462          -1228.397802262127
          -0.429130009775          -1228.598932594414          -1228.397770289710
          -0.427174975562          -1228.598855262044          -1228.397735209574
          -0.425219941349          -1228.598774666587          -1228.397697089362
          -0.423264907136          -1228.598690874280          -1228.397655996718
          -0.421309872923          -1228.598603951360          -1228.397611999285
          -0.419354838710          -1228.598513964062          -1228.397565164706
          -0.417399804497          -1228.598420978623          -1228.397515560625
          -0.415444770283          -1228.598325061279          -1228.397463254685
          -0.413489736070          -1228.598226278266          -1228.397408314529
          -0.411534701857          -1228.598124695821          -1228.397350807801
          -0.409579667644          -1228.598020380179          -1228.397290802143
          -0.407624633431          -1228.597913397577          -1228.397228365200
          -0.405669599218          -1228.597803814252          -1228.397163564614
          -0.403714565005          -1228.597691696440          -1228.397096468029
          -0.401759530792          -1228.597577110376          -1228.397027143088
          -0.399804496579          -1228.597460122297          -1228.396955657435
          -0.397849462366          -1228.597340798440          -1228.396882078713
          -0.395894428152          -1228.597219205040          -1228.396806474564
          -0.393939393939          -1228.597095408335          -1228.396728912633
          -0.391984359726          -1228.596969474560          -1228.396649460563
          -0.390029325513          -1228.596841468852          -1228.396568184849
          -0.388074291300          -1228.596711442880          -1228.396485137916
          -0.386119257087          -1228.596579439275          -1228.396400362744
          -0.384164222874          -1228.596445500499          -1228.396313902143
          -0.382209188661          -1228.596309669016          -1228.396225798919
          -0.380254154448          -1228.596171987288          -1228.396136095881
          -0.378299120235          -1228.596032497780          -1228.396044835836
          -0.376344086022          -1228.595891242955          -1228.395952061592
          -0.374389051808          -1228.595748265275          -1228.395857815955
          -0.372434017595          -1228.595603607205          -1228.395762141735
          -0.370478983382          -1228.595457311207          -1228.395665081739
          -0.368523949169          -1228.595309419745          -1228.395566678774
          -0.366568914956          -1228.595159975281          -1228.395466975648
          -0.364613880743          -1228.595009020280          -1228.395366015169
          -0.362658846530          -1228.594856597205          -1228.395263840144
          -0.360703812317          -1228.594702748518          -1228.395160493382
          -0.358748778104          -1228.594547516684          -1228.395056017689
          -0.356793743891          -1228.594390944166          -1228.394950455874
          -0.354838709677          -1228.594233073426          -1228.394843850744
          -0.352883675464          -1228.594073946928          -1228.394736245107
          -0.350928641251          -1228.593913607135          -1228.394627681770
          -0.348973607038          -1228.593752096511          -1228.394518203542
          -0.347018572825          -1228.593589457520          -1228.394407853229
          -0.345063538612          -1228.593425732623          -1228.394296673640
          -0.343108504399          -1228.593260964285          -1228.394184707583
          -0.341153470186          -1228.593095194969          -1228.394071997864
          -0.339198435973          -1228.592928467138          -1228.393958587292
          -0.337243401760          -1228.592760823256          -1228.393844518675
          -0.335288367546          -1228.592592305784          -1228.393729834819
          -0.333333333333          -1228.592422957189          -1228.393614578533
          -0.331378299120          -1228.592252819931          -1228.393498792625
          -0.329423264907          -1228.592081936475          -1228.393382519901
          -0.327468230694          -1228.591910349284          -1228.393265803170
          -0.325513196481          -1228.591738100821          -1228.393148685240
          -0.323558162268          -1228.591565233550          -1228.393031208917
          -0.321603128055          -1228.591391789933          -1228.392913417011
          -0.319648093842          -1228.591217812434          -1228.392795352328
          -0.317693059629          -1228.591043343517          -1228.392677057676
          -0.315738025415          -1228.590868425645          -1228.392558575863
          -0.313782991202          -1228.590693101280          -1228.392439949697
          -0.311827956989          -1228.590517412887          -1228.392321221984
          -0.309872922776          -1228.590341402928          -1228.392202435534
          -0.307917888563          -1228.590165113867          -1228.392083633153
          -0.305962854350          -1228.589988588167          -1228.391964857649
          -0.304007820137          -1228.589811868275          -1228.391846151813
          -0.302052785924          -1228.589634991600          -1228.391727553083
          -0.300097751711          -1228.589457983460          -1228.391609086057
          -0.298142717498          -1228.589280867394          -1228.391490773440
          -0.296187683284          -1228.589103666940          -1228.391372637941
          -0.294232649071          -1228.588926405640          -1228.391254702267
          -0.292277614858          -1228.588749107032          -1228.391136989126
          -0.290322580645          -1228.588571794655          -1228.391019521225
          -0.288367546432          -1228.588394492049          -1228.390902321271
          -0.286412512219          -1228.588217222754          -1228.390785411973
          -0.284457478006          -1228.588040010309          -1228.390668816037
          -0.282502443793          -1228.587862878253          -1228.390552556171
          -0.280547409580          -1228.587685850126          -1228.390436655082
          -0.278592375367          -1228.587508949468          -1228.390321135479
          -0.276637341153          -1228.587332199817          -1228.390206020068
          -0.274682306940          -1228.587155624713          -1228.390091331557
          -0.272727272727          -1228.586979247695          -1228.389977092653
          -0.270772238514          -1228.586803092304          -1228.389863326065
          -0.268817204301          -1228.586627182078          -1228.389750054499
          -0.266862170088          -1228.586451540558          -1228.389637300663
          -0.264907135875          -1228.586276191281          -1228.389525087265
          -0.262952101662          -1228.586101157789          -1228.389413437011
          -0.260997067449          -1228.585926463620          -1228.389302372610
          -0.259042033236          -1228.585752132313          -1228.389191916769
          -0.257086999022          -1228.585578187409          -1228.389082092195
          -0.255131964809          -1228.585404652446          -1228.388972921596
          -0.253176930596          -1228.585231550964          -1228.388864427679
          -0.251221896383          -1228.585058906504          -1228.388756633153
          -0.249266862170          -1228.584886742603          -1228.388649560724
          -0.247311827957          -1228.584715082801          -1228.388543233099
          -0.245356793744          -1228.584543950638          -1228.388437672987
          -0.243401759531          -1228.584373369653          -1228.388332903095
          -0.241446725318          -1228.584203363387          -1228.388228946131
          -0.239491691105          -1228.584033955377          -1228.388125824801
          -0.237536656891          -1228.583865169164          -1228.388023561813
          -0.235581622678          -1228.583697028287          -1228.387922179876
          -0.233626588465          -1228.583529556286          -1228.387821701695
          -0.231671554252          -1228.583362776700          -1228.387722149980
          -0.229716520039          -1228.583196713068          -1228.387623547437
          -0.227761485826          -1228.583031388929          -1228.387525916773
          -0.225806451613          -1228.582866827825          -1228.387429280697
          -0.223851417400          -1228.582703053293          -1228.387333661916
          -0.221896383187          -1228.582540088873          -1228.387239083136
          -0.219941348974          -1228.582377958105          -1228.387145567067
          -0.217986314761          -1228.582216684528          -1228.387053136415
          -0.216031280547          -1228.582056291022          -1228.386961813153
          -0.214076246334          -1228.581896793556          -1228.386871611556
          -0.212121212121          -1228.581738203967          -1228.386782541299
          -0.210166177908          -1228.581580534042          -1228.386694611996
          -0.208211143695          -1228.581423795562          -1228.386607833262
          -0.206256109482          -1228.581268000314          -1228.386522214711
          -0.204301075269          -1228.581113160080          -1228.386437765956
          -0.202346041056          -1228.580959286645          -1228.386354496613
          -0.200391006843          -1228.580806391794          -1228.386272416295
          -0.198435972630          -1228.580654487309          -1228.386191534617
          -0.196480938416          -1228.580503584976          -1228.386111861192
          -0.194525904203          -1228.580353696579          -1228.386033405636
          -0.192570869990          -1228.580204833901          -1228.385956177562
          -0.190615835777          -1228.580057008726          -1228.385880186584
          -0.188660801564          -1228.579910232840          -1228.385805442318
          -0.186705767351          -1228.579764518026          -1228.385731954376
          -0.184750733138          -1228.579619876067          -1228.385659732373
          -0.182795698925          -1228.579476318749          -1228.385588785924
          -0.180840664712          -1228.579333857855          -1228.385519124642
          -0.178885630499          -1228.579192505170          -1228.385450758142
          -0.176930596285          -1228.579052272477          -1228.385383696038
          -0.174975562072          -1228.578913171561          -1228.385317947944
          -0.173020527859          -1228.578775214206          -1228.385253523475
          -0.171065493646          -1228.578638412196          -1228.385190432244
          -0.169110459433          -1228.578502777315          -1228.385128683866
          -0.167155425220          -1228.578368321347          -1228.385068287956
          -0.165200391007          -1228.578235056077          -1228.385009254127
          -0.163245356794          -1228.578102993288          -1228.384951591993
          -0.161290322581          -1228.577972144765          -1228.384895311168
          -0.159335288368          -1228.577842522291          -1228.384840421268
          -0.157380254154          -1228.577714137651          -1228.384786931906
          -0.155425219941          -1228.577587002630          -1228.384734852697
          -0.153470185728          -1228.577461129010          -1228.384684193254
          -0.151515151515          -1228.577336528577          -1228.384634963192
          -0.149560117302          -1228.577213213114          -1228.384587172124
          -0.147605083089          -1228.577091194405          -1228.384540829667
          -0.145650048876          -1228.576970484236          -1228.384495945432
          -0.143695014663          -1228.576851094388          -1228.384452529035
          -0.141739980450          -1228.576733036648          -1228.384410590091
          -0.139784946237          -1228.576616322799          -1228.384370138212
          -0.137829912023          -1228.576500964625          -1228.384331183014
          -0.135874877810          -1228.576386973910          -1228.384293734110
          -0.133919843597          -1228.576274362438          -1228.384257801115
          -0.131964809384          -1228.576163141994          -1228.384223393643
          -0.130009775171          -1228.576053324347          -1228.384190521292
          -0.128054740958          -1228.575944918692          -1228.384159190934
          -0.126099706745          -1228.575837928757          -1228.384129403645
          -0.124144672532          -1228.575732357570          -1228.384101159763
          -0.122189638319          -1228.575628208161          -1228.384074459623
          -0.120234604106          -1228.575525483557          -1228.384049303561
          -0.118279569892          -1228.575424186788          -1228.384025691915
          -0.116324535679          -1228.575324320882          -1228.384003625020
          -0.114369501466          -1228.575225888867          -1228.383983103213
          -0.112414467253          -1228.575128893772          -1228.383964126830
          -0.110459433040          -1228.575033338627          -1228.383946696207
          -0.108504398827          -1228.574939226458          -1228.383930811680
          -0.106549364614          -1228.574846560295          -1228.383916473587
          -0.104594330401          -1228.574755343167          -1228.383903682262
          -0.102639296188          -1228.574665578102          -1228.383892438044
          -0.100684261975          -1228.574577268129          -1228.383882741267
          -0.098729227761          -1228.574490416276          -1228.383874592268
          -0.096774193548          -1228.574405025572          -1228.383867991384
          -0.094819159335          -1228.574321099045          -1228.383862938950
          -0.092864125122          -1228.574238639725          -1228.383859435304
          -0.090909090909          -1228.574157650639          -1228.383857480781
          -0.088954056696          -1228.574078134816          -1228.383857075718
          -0.086999022483          -1228.574000095285          -1228.383858220451
          -0.085043988270          -1228.573923535075          -1228.383860915317
          -0.083088954057          -1228.573848457213          -1228.383865160650
          -0.081133919844          -1228.573774864730          -1228.383870956790
          -0.079178885630          -1228.573702760653          -1228.383878304070
          -0.077223851417          -1228.573632148010          -1228.383887202828
          -0.075268817204          -1228.573563029830          -1228.383897653400
          -0.073313782991          -1228.573495409143          -1228.383909656122
          -0.071358748778          -1228.573429288976          -1228.383923211331
          -0.069403714565          -1228.573364672359          -1228.383938319363
          -0.067448680352          -1228.573301562319          -1228.383954980554
          -0.065493646139          -1228.573239961886          -1228.383973195240
          -0.063538611926          -1228.573179874087          -1228.383992963759
          -0.061583577713          -1228.573121301952          -1228.384014286445
          -0.059628543500          -1228.573064248509          -1228.384037163636
          -0.057673509286          -1228.573008716787          -1228.384061595668
          -0.055718475073          -1228.572954709814          -1228.384087582877
          -0.053763440860          -1228.572902230619          -1228.384115125599
          -0.051808406647          -1228.572851282231          -1228.384144224171
          -0.049853372434          -1228.572801867678          -1228.384174878930
          -0.047898338221          -1228.572753989988          -1228.384207090210
          -0.045943304008          -1228.572707652191          -1228.384240858350
          -0.043988269795          -1228.572662857314          -1228.384276183684
          -0.042033235582          -1228.572619607922          -1228.384313066080
          -0.040078201369          -1228.572577902379          -1228.384351501173
          -0.038123167155          -1228.572537736821          -1228.384391482348
          -0.036168132942          -1228.572499107364          -1228.384433002971
          -0.034213098729          -1228.572462010123          -1228.384476056408
          -0.032258064516          -1228.572426441214          -1228.384520636026
          -0.030303030303          -1228.572392396752          -1228.384566735189
          -0.028347996090          -1228.572359872853          -1228.384614347264
          -0.026392961877          -1228.572328865634          -1228.384663465617
          -0.024437927664          -1228.572299371208          -1228.384714083613
          -0.022482893451          -1228.572271385693          -1228.384766194619
          -0.020527859238          -1228.572244905204          -1228.384819792000
          -0.018572825024          -1228.572219925856          -1228.384874869123
          -0.016617790811          -1228.572196443764          -1228.384931419352
          -0.014662756598          -1228.572174455046          -1228.384989436055
          -0.012707722385          -1228.572153955815          -1228.385048912596
          -0.010752688172          -1228.572134942189          -1228.385109842342
          -0.008797653959          -1228.572117410282          -1228.385172218659
          -0.006842619746          -1228.572101356209          -1228.385236034912
          -0.004887585533          -1228.572086776088          -1228.385301284468
          -0.002932551320          -1228.572073666033          -1228.385367960692
          -0.000977517107          -1228.572062022160          -1228.385436056950
           0.000977517107          -1228.572051840585          -1228.385505566608
           0.002932551320          -1228.572043117422          -1228.385576483033
           0.004887585533          -1228.572035848789          -1228.385648799589
           0.006842619746          -1228.572030030801          -1228.385722509642
           0.008797653959          -1228.572025659572          -1228.385797606559
           0.010752688172          -1228.572022731219          -1228.385874083706
           0.012707722385          -1228.572021241858          -1228.385951934448
           0.014662756598          -1228.572021187603          -1228.386031152152
           0.016617790811          -1228.572022564571          -1228.386111730182
           0.018572825024          -1228.572025368877          -1228.386193661906
           0.020527859238          -1228.572029596638          -1228.386276940688
           0.022482893451          -1228.572035243968          -1228.386361559895
           0.024437927664          -1228.572042306982          -1228.386447512893
           0.026392961877          -1228.572050781798          -1228.386534793048
           0.028347996090          -1228.572060664530          -1228.386623393724
           0.030303030303          -1228.572071951294          -1228.386713308290
           0.032258064516          -1228.572084638206          -1228.386804530109
           0.034213098729          -1228.572098721382          -1228.386897052548
           0.036168132942          -1228.572114196935          -1228.386990868974
           0.038123167155          -1228.572131060984          -1228.387085972751
           0.040078201369          -1228.572149309643          -1228.387182357246
           0.042033235582          -1228.572168939028          -1228.387280015824
           0.043988269795          -1228.572189945236          -1228.387378941836
           0.045943304008          -1228.572212322415          -1228.387479126854
           0.047898338221          -1228.572236061041          -1228.387580559104
           0.049853372434          -1228.572261151179          -1228.387683226440
           0.051808406647          -1228.572287582896          -1228.387787116719
           0.053763440860          -1228.572315346260          -1228.387892217793
           0.055718475073          -1228.572344431337          -1228.387998517519
           0.057673509286          -1228.572374828195          -1228.388106003750
           0.059628543500          -1228.572406526901          -1228.388214664343
           0.061583577713          -1228.572439517522          -1228.388324487152
           0.063538611926          -1228.572473790125          -1228.388435460031
           0.065493646139          -1228.572509334777          -1228.388547570835
           0.067448680352          -1228.572546141544          -1228.388660807420
           0.069403714565          -1228.572584200495          -1228.388775157641
           0.071358748778          -1228.572623501696          -1228.388890609351
           0.073313782991          -1228.572664035215          -1228.389007150406
           0.075268817204          -1228.572705791117          -1228.389124768661
           0.077223851417          -1228.572748759471          -1228.389243451970
           0.079178885630          -1228.572792930344          -1228.389363188189
           0.081133919844          -1228.572838293801          -1228.389483965172
           0.083088954057          -1228.572884839911          -1228.389605770775
           0.085043988270          -1228.572932558741          -1228.389728592851
           0.086999022483          -1228.572981440358          -1228.389852419257
           0.088954056696          -1228.573031474828          -1228.389977237846
           0.090909090909          -1228.573082652219          -1228.390103036473
           0.092864125122          -1228.573134962598          -1228.390229802994
           0.094819159335          -1228.573188396031          -1228.390357525263
           0.096774193548          -1228.573242942587          -1228.390486191135
           0.098729227761          -1228.573298592331          -1228.390615788466
           0.100684261975          -1228.573355335332          -1228.390746305109
           0.102639296188          -1228.573413161655          -1228.390877728920
           0.104594330401          -1228.573472061369          -1228.391010047753
           0.106549364614          -1228.573532024540          -1228.391143249463
           0.108504398827          -1228.573593041236          -1228.391277321906
           0.110459433040          -1228.573655101522          -1228.391412252936
           0.112414467253          -1228.573718195468          -1228.391548030408
           0.114369501466          -1228.573782313138          -1228.391684642177
           0.116324535679          -1228.573847444601          -1228.391822076097
           0.118279569892          -1228.573913579924          -1228.391960320024
           0.120234604106          -1228.573980709173          -1228.392099361812
           0.122189638319          -1228.574048822416          -1228.392239189316
           0.124144672532          -1228.574117909720          -1228.392379790391
           0.126099706745          -1228.574187961152          -1228.392521152892
           0.128054740958          -1228.574258966778          -1228.392663264674
           0.130009775171          -1228.574330916666          -1228.392806113592
           0.131964809384          -1228.574403800477          -1228.392949687179
           0.133919843597          -1228.574477604689          -1228.393093970465
           0.135874877810          -1228.574552314283          -1228.393238947299
           0.137829912023          -1228.574627914232          -1228.393384601522
           0.139784946237          -1228.574704389508          -1228.393530916977
           0.141739980450          -1228.574781725084          -1228.393677877506
           0.143695014663          -1228.574859905933          -1228.393825466952
           0.145650048876          -1228.574938917027          -1228.393973669156
           0.147605083089          -1228.575018743339          -1228.394122467961
           0.149560117302          -1228.575099369841          -1228.394271847208
           0.151515151515          -1228.575180781507          -1228.394421790741
           0.153470185728          -1228.575262963308          -1228.394572282400
           0.155425219941          -1228.575345900217          -1228.394723306029
           0.157380254154          -1228.575429577207          -1228.394874845470
           0.159335288368          -1228.575513979251          -1228.395026884564
           0.161290322581          -1228.575599091321          -1228.395179407154
           0.163245356794          -1228.575684898389          -1228.395332397082
           0.165200391007          -1228.575771385429          -1228.395485838191
           0.167155425220          -1228.575858537412          -1228.395639714322
           0.169110459433          -1228.575946339312          -1228.395794009318
           0.171065493646          -1228.576034776101          -1228.395948707020
           0.173020527859          -1228.576123832751          -1228.396103791271
           0.174975562072          -1228.576213494236          -1228.396259245914
           0.176930596285          -1228.576303745528          -1228.396415054790
           0.178885630499          -1228.576394571599          -1228.396571201741
           0.180840664712          -1228.576485957422          -1228.396727670611
           0.182795698925          -1228.576577887970          -1228.396884445239
           0.184750733138          -1228.576670348215          -1228.397041509470
           0.186705767351          -1228.576763323130          -1228.397198847146
           0.188660801564          -1228.576856797687          -1228.397356442107
           0.190615835777          -1228.576950756859          -1228.397514278198
           0.192570869990          -1228.577045185619          -1228.397672339259
           0.194525904203          -1228.577140068939          -1228.397830609133
           0.196480938416          -1228.577235391792          -1228.397989071662
           0.198435972630          -1228.577331139151          -1228.398147710688
           0.200391006843          -1228.577427295987          -1228.398306510054
           0.202346041056          -1228.577523847274          -1228.398465453602
           0.204301075269          -1228.577620777984          -1228.398624525174
           0.206256109482          -1228.577718073090          -1228.398783708612
           0.208211143695          -1228.577815717565          -1228.398942987757
           0.210166177908          -1228.577913696380          -1228.399102346453
           0.212121212121          -1228.578011994510          -1228.399261768542
           0.214076246334          -1228.578110596924          -1228.399421237866
           0.216031280547          -1228.578209488599          -1228.399580738266
           0.217986314761          -1228.578308654488          -1228.399740253573
           0.219941348974          -1228.578408078304          -1228.399899766649
           0.221896383187          -1228.578507741680          -1228.400059258740
           0.223851417400          -1228.578607626047          -1228.400218710936
           0.225806451613          -1228.578707712839          -1228.400378104329
           0.227761485826          -1228.578807983489          -1228.400537420011
           0.229716520039          -1228.578908419428          -1228.400696639071
           0.231671554252          -1228.579009002091          -1228.400855742601
           0.233626588465          -1228.579109712910          -1228.401014711692
           0.235581622678          -1228.579210533317          -1228.401173527436
           0.237536656891          -1228.579311444746          -1228.401332170923
           0.239491691105          -1228.579412428630          -1228.401490623245
           0.241446725318          -1228.579513466400          -1228.401648865492
           0.243401759531          -1228.579614539491          -1228.401806878755
           0.245356793744          -1228.579715629335          -1228.401964644127
           0.247311827957          -1228.579816717364          -1228.402122142697
           0.249266862170          -1228.579917785012          -1228.402279355557
           0.251221896383          -1228.580018813711          -1228.402436263798
           0.253176930596          -1228.580119784895          -1228.402592848511
           0.255131964809          -1228.580220679995          -1228.402749090787
           0.257086999022          -1228.580321480445          -1228.402904971717
           0.259042033236          -1228.580422167679          -1228.403060472392
           0.260997067449          -1228.580522723127          -1228.403215573904
           0.262952101662          -1228.580623128224          -1228.403370257343
           0.264907135875          -1228.580723364402          -1228.403524503801
           0.266862170088          -1228.580823413094          -1228.403678294369
           0.268817204301          -1228.580923255733          -1228.403831610137
           0.270772238514          -1228.581022873751          -1228.403984432197
           0.272727272727          -1228.581122248582          -1228.404136741640
           0.274682306940          -1228.581221361658          -1228.404288519556
           0.276637341153          -1228.581320194412          -1228.404439747038
           0.278592375367          -1228.581418728278          -1228.404590405176
           0.280547409580          -1228.581516944687          -1228.404740475061
           0.282502443793          -1228.581614825072          -1228.404889937784
           0.284457478006          -1228.581712350867          -1228.405038774437
           0.286412512219          -1228.581809503504          -1228.405186966111
           0.288367546432          -1228.581906264417          -1228.405334493895
           0.290322580645          -1228.582002615037          -1228.405481338883
           0.292277614858          -1228.582098536798          -1228.405627482164
           0.294232649071          -1228.582194011133          -1228.405772904830
           0.296187683284          -1228.582289019474          -1228.405917587972
           0.298142717498          -1228.582383543254          -1228.406061512681
           0.300097751711          -1228.582477563906          -1228.406204660048
           0.302052785924          -1228.582571062863          -1228.406347011164
           0.304007820137          -1228.582664021558          -1228.406488547120
           0.305962854350          -1228.582756421341          -1228.406629249037
           0.307917888563          -1228.582848243008          -1228.406769098233
           0.309872922776          -1228.582939467121          -1228.406908076108
           0.311827956989          -1228.583030074242          -1228.407046164066
           0.313782991202          -1228.583120044933          -1228.407183343507
           0.315738025415          -1228.583209359756          -1228.407319595833
           0.317693059629          -1228.583297999274          -1228.407454902445
           0.319648093842          -1228.583385944049          -1228.407589244744
           0.321603128055          -1228.583473174642          -1228.407722604133
           0.323558162268          -1228.583559671614          -1228.407854962012
           0.325513196481          -1228.583645415530          -1228.407986299783
           0.327468230694          -1228.583730386950          -1228.408116598848
           0.329423264907          -1228.583814566437          -1228.408245840608
           0.331378299120          -1228.583897934552          -1228.408374006464
           0.333333333333          -1228.583980471858          -1228.408501077819
           0.335288367546          -1228.584062158917          -1228.408627036072
           0.337243401760          -1228.584142976291          -1228.408751862627
           0.339198435973          -1228.584222904541          -1228.408875538884
           0.341153470186          -1228.584301924230          -1228.408998046245
           0.343108504399          -1228.584380015920          -1228.409119366112
           0.345063538612          -1228.584457160173          -1228.409239479884
           0.347018572825          -1228.584533337551          -1228.409358368966
           0.348973607038          -1228.584608528616          -1228.409476014757
           0.350928641251          -1228.584682713930          -1228.409592398660
           0.352883675464          -1228.584755874056          -1228.409707502075
           0.354838709677          -1228.584827989555          -1228.409821306404
           0.356793743891          -1228.584899040988          -1228.409933793050
           0.358748778104          -1228.584969008919          -1228.410044943412
           0.360703812317          -1228.585037873909          -1228.410154738893
           0.362658846530          -1228.585105616521          -1228.410263160894
           0.364613880743          -1228.585172217317          -1228.410370190817
           0.366568914956          -1228.585237656857          -1228.410475810062
           0.368523949169          -1228.585301915705          -1228.410580000032
           0.370478983382          -1228.585364974423          -1228.410682742129
           0.372434017595          -1228.585426813572          -1228.410784017753
           0.374389051808          -1228.585487413715          -1228.410883808305
           0.376344086022          -1228.585546755414          -1228.410982095189
           0.378299120235          -1228.585604819230          -1228.411078859804
           0.380254154448          -1228.585661585726          -1228.411174083552
           0.382209188661          -1228.585717035464          -1228.411267747836
           0.384164222874          -1228.585771149006          -1228.411359834056
           0.386119257087          -1228.585823906914          -1228.411450323614
           0.388074291300          -1228.585875289750          -1228.411539197911
           0.390029325513          -1228.585925278075          -1228.411626438348
           0.391984359726          -1228.585973852467          -1228.411712026344
           0.393939393939          -1228.586020994268          -1228.411795944131
           0.395894428152          -1228.586066685962          -1228.411878175165
           0.397849462366          -1228.586110910127          -1228.411958703000
           0.399804496579          -1228.586153649341          -1228.412037511189
           0.401759530792          -1228.586194886181          -1228.412114583287
           0.403714565005          -1228.586234603225          -1228.412189902847
           0.405669599218          -1228.586272783052          -1228.412263453423
           0.407624633431          -1228.586309408238          -1228.412335218569
           0.409579667644          -1228.586344461361          -1228.412405181839
           0.411534701857          -1228.586377925000          -1228.412473326787
           0.413489736070          -1228.586409781732          -1228.412539636967
           0.415444770283          -1228.586440014134          -1228.412604095932
           0.417399804497          -1228.586468604785          -1228.412666687238
           0.419354838710          -1228.586495536261          -1228.412727394437
           0.421309872923          -1228.586520791142          -1228.412786201083
           0.423264907136          -1228.586544352004          -1228.412843090730
           0.425219941349          -1228.586566201425          -1228.412898046933
           0.427174975562          -1228.586586321984          -1228.412951053245
           0.429130009775          -1228.586604696257          -1228.413002093219
           0.431085043988          -1228.586621306822          -1228.413051150411
           0.433040078201          -1228.586636136258          -1228.413098208373
           0.434995112414          -1228.586649167142          -1228.413143250661
           0.436950146628          -1228.586660382051          -1228.413186260826
           0.438905180841          -1228.586669763564          -1228.413227222424
           0.440860215054          -1228.586677294258          -1228.413266119009
           0.442815249267          -1228.586682956710          -1228.413302934134
           0.444770283480          -1228.586686733500          -1228.413337651353
           0.446725317693          -1228.586688607203          -1228.413370254220
           0.448680351906          -1228.586688560399          -1228.413400726290
           0.450635386119          -1228.586686575665          -1228.413429051115
           0.452590420332          -1228.586682635578          -1228.413455212250
           0.454545454545          -1228.586676722716          -1228.413479193249
           0.456500488759          -1228.586668819657          -1228.413500977665
           0.458455522972          -1228.586658908979          -1228.413520549053
           0.460410557185          -1228.586646973260          -1228.413537890966
           0.462365591398          -1228.586632995077          -1228.413552986959
           0.464320625611          -1228.586616957007          -1228.413565820585
           0.466275659824          -1228.586598841629          -1228.413576375398
           0.468230694037          -1228.586578631521          -1228.413584634951
           0.470185728250          -1228.586556309260          -1228.413590582800
           0.472140762463          -1228.586531857423          -1228.413594202498
           0.474095796676          -1228.586505258589          -1228.413595477598
           0.476050830890          -1228.586476495336          -1228.413594391655
           0.478005865103          -1228.586445550240          -1228.413590928223
           0.479960899316          -1228.586412406546          -1228.413585071534
           0.481915933529          -1228.586377051455          -1228.413576809859
           0.483870967742          -1228.586339473620          -1228.413566132950
           0.485826001955          -1228.586299661700          -1228.413553030564
           0.487781036168          -1228.586257604353          -1228.413537492457
           0.489736070381          -1228.586213290235          -1228.413519508385
           0.491691104594          -1228.586166708004          -1228.413499068104
           0.493646138807          -1228.586117846317          -1228.413476161368
           0.495601173021          -1228.586066693832          -1228.413450777935
           0.497556207234          -1228.586013239207          -1228.413422907560
           0.499511241447          -1228.585957471098          -1228.413392540000
           0.501466275660          -1228.585899378164          -1228.413359665009
           0.503421309873          -1228.585838949060          -1228.413324272345
           0.505376344086          -1228.585776172447          -1228.413286351763
           0.507331378299          -1228.585711036979          -1228.413245893018
           0.509286412512          -1228.585643531316          -1228.413202885868
           0.511241446725          -1228.585573644114          -1228.413157320067
           0.513196480938          -1228.585501364031          -1228.413109185371
           0.515151515152          -1228.585426679723          -1228.413058471537
           0.517106549365          -1228.585349579850          -1228.413005168321
           0.519061583578          -1228.585270053068          -1228.412949265478
           0.521016617791          -1228.585188088034          -1228.412890752764
           0.522971652004          -1228.585103673407          -1228.412829619936
           0.524926686217          -1228.585016797843          -1228.412765856748
           0.526881720430          -1228.584927449999          -1228.412699452958
           0.528836754643          -1228.584835618535          -1228.412630398320
           0.530791788856          -1228.584741292106          -1228.412558682592
           0.532746823069          -1228.584644459370          -1228.412484295528
           0.534701857283          -1228.584545108985          -1228.412407226885
           0.536656891496          -1228.584443229608          -1228.412327466419
           0.538611925709          -1228.584338809896          -1228.412245003885
           0.540566959922          -1228.584231838507          -1228.412159829039
           0.542521994135          -1228.584122304099          -1228.412071931638
           0.544477028348          -1228.584010195329          -1228.411981301437
           0.546432062561          -1228.583895500854          -1228.411887928193
           0.548387096774          -1228.583778209332          -1228.411791801660
           0.550342130987          -1228.583658309419          -1228.411692911596
           0.552297165200          -1228.583535789775          -1228.411591247755
           0.554252199413          -1228.583410639055          -1228.411486799895
           0.556207233627          -1228.583282845918          -1228.411379557770
           0.558162267840          -1228.583152399021          -1228.411269511136
           0.560117302053          -1228.583019287021          -1228.411156649751
           0.562072336266          -1228.582883498576          -1228.411040963369
           0.564027370479          -1228.582745022343          -1228.410922441746
           0.565982404692          -1228.582603847068          -1228.410801074721
           0.567937438905          -1228.582459965045          -1228.410676855488
           0.569892473118          -1228.582313373295          -1228.410549781699
           0.571847507331          -1228.582164069160          -1228.410419851316
           0.573802541544          -1228.582012049985          -1228.410287062300
           0.575757575758          -1228.581857313113          -1228.410151412612
           0.577712609971          -1228.581699855888          -1228.410012900212
           0.579667644184          -1228.581539675655          -1228.409871523063
           0.581622678397          -1228.581376769756          -1228.409727279125
           0.583577712610          -1228.581211135536          -1228.409580166359
           0.585532746823          -1228.581042770339          -1228.409430182726
           0.587487781036          -1228.580871671508          -1228.409277326188
           0.589442815249          -1228.580697836387          -1228.409121594704
           0.591397849462          -1228.580521262321          -1228.408962986238
           0.593352883675          -1228.580341946653          -1228.408801498749
           0.595307917889          -1228.580159886727          -1228.408637130198
           0.597262952102          -1228.579975079886          -1228.408469878547
           0.599217986315          -1228.579787523475          -1228.408299741756
           0.601173020528          -1228.579597214838          -1228.408126717788
           0.603128054741          -1228.579404151318          -1228.407950804602
           0.605083088954          -1228.579208330259          -1228.407772000160
           0.607038123167          -1228.579009749005          -1228.407590302423
           0.608993157380          -1228.578808404901          -1228.407405709352
           0.610948191593          -1228.578604295289          -1228.407218218908
           0.612903225806          -1228.578397417514          -1228.407027829052
           0.614858260020          -1228.578187768919          -1228.406834537746
           0.616813294233          -1228.577975346848          -1228.406638342949
           0.618768328446          -1228.577760148646          -1228.406439242625
           0.620723362659          -1228.577542171656          -1228.406237234732
           0.622678396872          -1228.577321413223          -1228.406032317233
           0.624633431085          -1228.577097870688          -1228.405824488089
           0.626588465298          -1228.576871541398          -1228.405613745260
           0.628543499511          -1228.576642422695          -1228.405400086707
           0.630498533724          -1228.576410511923          -1228.405183510393
           0.632453567937          -1228.576175806427          -1228.404964014277
           0.634408602151          -1228.575938303550          -1228.404741596321
           0.636363636364          -1228.575698000636          -1228.404516254486
           0.638318670577          -1228.575454895029          -1228.404287986734
           0.640273704790          -1228.575208984072          -1228.404056791024
           0.642228739003          -1228.574960265110          -1228.403822665318
           0.644183773216          -1228.574708735486          -1228.403585607577
           0.646138807429          -1228.574454392545          -1228.403345615763
           0.648093841642          -1228.574197233630          -1228.403102687836
           0.650048875855          -1228.573937256085          -1228.402856821757
           0.652003910068          -1228.573674457253          -1228.402608015488
           0.653958944282          -1228.573408836289          -1228.402356268866
           0.655913978495          -1228.573140401756          -1228.402101591481
           0.657869012708          -1228.572869165263          -1228.401843996083
           0.659824046921          -1228.572595138424          -1228.401583495424
           0.661779081134          -1228.572318332849          -1228.401320102256
           0.663734115347          -1228.572038760153          -1228.401053829331
           0.665689149560          -1228.571756431946          -1228.400784689401
           0.667644183773          -1228.571471359842          -1228.400512695217
           0.669599217986          -1228.571183555451          -1228.400237859531
           0.671554252199          -1228.570893030388          -1228.399960195096
           0.673509286413          -1228.570599796263          -1228.399679714662
           0.675464320626          -1228.570303864690          -1228.399396430983
           0.677419354839          -1228.570005247279          -1228.399110356808
           0.679374389052          -1228.569703955645          -1228.398821504892
           0.681329423265          -1228.569400001398          -1228.398529887984
           0.683284457478          -1228.569093396151          -1228.398235518838
           0.685239491691          -1228.568784151517          -1228.397938410204
           0.687194525904          -1228.568472279108          -1228.397638574835
           0.689149560117          -1228.568157790535          -1228.397336025483
           0.691104594330          -1228.567840697412          -1228.397030774899
           0.693059628543          -1228.567521011350          -1228.396722835835
           0.695014662757          -1228.567198743962          -1228.396412221043
           0.696969696970          -1228.566873906859          -1228.396098943275
           0.698924731183          -1228.566546511655          -1228.395783015283
           0.700879765396          -1228.566216569961          -1228.395464449818
           0.702834799609          -1228.565884093390          -1228.395143259632
           0.704789833822          -1228.565549093554          -1228.394819457478
           0.706744868035          -1228.565211582065          -1228.394493056106
           0.708699902248          -1228.564871570535          -1228.394164068269
           0.710654936461          -1228.564529070578          -1228.393832506719
           0.712609970674          -1228.564184093804          -1228.393498384207
           0.714565004888          -1228.563836651826          -1228.393161713485
           0.716520039101          -1228.563486756257          -1228.392822507305
           0.718475073314          -1228.563134418708          -1228.392480778420
           0.720430107527          -1228.562779650792          -1228.392136539580
           0.722385141740          -1228.562422464122          -1228.391789803537
           0.724340175953          -1228.562062870309          -1228.391440583044
           0.726295210166          -1228.561700880965          -1228.391088890852
           0.728250244379          -1228.561336507704          -1228.390734739713
           0.730205278592          -1228.560969762137          -1228.390378142378
           0.732160312805          -1228.560600655876          -1228.390019111600
           0.734115347019          -1228.560229200534          -1228.389657660131
           0.736070381232          -1228.559855407723          -1228.389293800723
           0.738025415445          -1228.559479289055          -1228.388927546125
           0.739980449658          -1228.559100856254          -1228.388558909197
           0.741935483871          -1228.558720124584          -1228.388187906123
           0.743890518084          -1228.558337113507          -1228.387814557036
           0.745845552297          -1228.557951842727          -1228.387438882298
           0.747800586510          -1228.557564331950          -1228.387060902270
           0.749755620723          -1228.557174600881          -1228.386680637312
           0.751710654936          -1228.556782669223          -1228.386298107787
           0.753665689150          -1228.556388556683          -1228.385913334056
           0.755620723363          -1228.555992282964          -1228.385526336479
           0.757575757576          -1228.555593867772          -1228.385137135419
           0.759530791789          -1228.555193330812          -1228.384745751236
           0.761485826002          -1228.554790691787          -1228.384352204293
           0.763440860215          -1228.554385970404          -1228.383956514949
           0.765395894428          -1228.553979186367          -1228.383558703567
           0.767350928641          -1228.553570359380          -1228.383158790507
           0.769305962854          -1228.553159509149          -1228.382756796131
           0.771260997067          -1228.552746655379          -1228.382352740801
           0.773216031281          -1228.552331817774          -1228.381946644877
           0.775171065494          -1228.551915016038          -1228.381538528722
           0.777126099707          -1228.551496269878          -1228.381128412695
           0.779081133920          -1228.551075598997          -1228.380716317159
           0.781036168133          -1228.550653023101          -1228.380302262475
           0.782991202346          -1228.550228561894          -1228.379886269003
           0.784946236559          -1228.549802235082          -1228.379468357107
           0.786901270772          -1228.549374062369          -1228.379048547145
           0.788856304985          -1228.548944063459          -1228.378626859481
           0.790811339198          -1228.548512258057          -1228.378203314475
           0.792766373412          -1228.548078665870          -1228.377777932488
           0.794721407625          -1228.547643306601          -1228.377350733882
           0.796676441838          -1228.547206199955          -1228.376921739019
           0.798631476051          -1228.546767365636          -1228.376490968258
           0.800586510264          -1228.546326823351          -1228.376058441963
           0.802541544477          -1228.545884592804          -1228.375624180493
           0.804496578690          -1228.545440693698          -1228.375188204211
           0.806451612903          -1228.544995145740          -1228.374750533477
           0.808406647116          -1228.544547968634          -1228.374311188654
           0.810361681329          -1228.544099182085          -1228.373870190101
           0.812316715543          -1228.543648805797          -1228.373427558181
           0.814271749756          -1228.543196859477          -1228.372983313254
           0.816226783969          -1228.542743362827          -1228.372537475683
           0.818181818182          -1228.542288335554          -1228.372090065828
           0.820136852395          -1228.541831797362          -1228.371641104051
           0.822091886608          -1228.541373767956          -1228.371190610712
           0.824046920821          -1228.540914267040          -1228.370738606174
           0.826001955034          -1228.540453314320          -1228.370285110797
           0.827956989247          -1228.539990933179          -1228.369830148517
           0.829912023460          -1228.539527163766          -1228.369373759556
           0.831867057674          -1228.539062051007          -1228.368915988775
           0.833822091887          -1228.538595639829          -1228.368456881037
           0.835777126100          -1228.538127975155          -1228.367996481203
           0.837732160313          -1228.537659101911          -1228.367534834136
           0.839687194526          -1228.537189065023          -1228.367071984696
           0.841642228739          -1228.536717909416          -1228.366607977747
           0.843597262952          -1228.536245680016          -1228.366142858149
           0.845552297165          -1228.535772421747          -1228.365676670765
           0.847507331378          -1228.535298179537          -1228.365209460456
           0.849462365591          -1228.534822998308          -1228.364741272084
           0.851417399804          -1228.534346922988          -1228.364272150512
           0.853372434018          -1228.533869998502          -1228.363802140600
           0.855327468231          -1228.533392269774          -1228.363331287211
           0.857282502444          -1228.532913781731          -1228.362859635206
           0.859237536657          -1228.532434579298          -1228.362387229448
           0.861192570870          -1228.531954707400          -1228.361914114798
           0.863147605083          -1228.531474210963          -1228.361440336118
           0.865102639296          -1228.530993134912          -1228.360965938271
           0.867057673509          -1228.530511524172          -1228.360490966117
           0.869012707722          -1228.530029423670          -1228.360015464518
           0.870967741935          -1228.529546878330          -1228.359539478337
           0.872922776149          -1228.529063933077          -1228.359063052435
           0.874877810362          -1228.528580632838          -1228.358586231674
           0.876832844575          -1228.528097022537          -1228.358109060916
           0.878787878788          -1228.527613147100          -1228.357631585023
           0.880742913001          -1228.527129051453          -1228.357153848857
           0.882697947214          -1228.526644780520          -1228.356675897279
           0.884652981427          -1228.526160379228          -1228.356197775151
           0.886608015640          -1228.525675892501          -1228.355719527335
           0.888563049853          -1228.525191365266          -1228.355241198693
           0.890518084066          -1228.524706842447          -1228.354762834087
           0.892473118280          -1228.524222368970          -1228.354284478379
           0.894428152493          -1228.523737989760          -1228.353806176430
           0.896383186706          -1228.523253749742          -1228.353327973102
           0.898338220919          -1228.522769693843          -1228.352849913258
           0.900293255132          -1228.522285866988          -1228.352372041758
           0.902248289345          -1228.521802314101          -1228.351894403465
           0.904203323558          -1228.521319080109          -1228.351417043241
           0.906158357771          -1228.520836209937          -1228.350940005947
           0.908113391984          -1228.520353748510          -1228.350463336446
           0.910068426197          -1228.519871740754          -1228.349987079598
           0.912023460411          -1228.519390231593          -1228.349511280267
           0.913978494624          -1228.518909264785          -1228.349035982171
           0.915933528837          -1228.518428854263          -1228.348561199883
           0.917888563050          -1228.517948982422          -1228.348086917153
           0.919843597263          -1228.517469630143          -1228.347613116248
           0.921798631476          -1228.516990778304          -1228.347139779439
           0.923753665689          -1228.516512407787          -1228.346666888993
           0.925708699902          -1228.516034499471          -1228.346194427179
           0.927663734115          -1228.515557034237          -1228.345722376266
           0.929618768328          -1228.515079992964          -1228.345250718523
           0.931573802542          -1228.514603356532          -1228.344779436218
           0.933528836755          -1228.514127105823          -1228.344308511621
           0.935483870968          -1228.513651221715          -1228.343837927000
           0.937438905181          -1228.513175685089          -1228.343367664623
           0.939393939394          -1228.512700476825          -1228.342897706760
           0.941348973607          -1228.512225577803          -1228.342428035679
           0.943304007820          -1228.511750968903          -1228.341958633649
           0.945259042033          -1228.511276631006          -1228.341489482939
           0.947214076246          -1228.510802544991          -1228.341020565818
           0.949169110459          -1228.510328691739          -1228.340551864553
           0.951124144673          -1228.509855052129          -1228.340083361415
           0.953079178886          -1228.509381607041          -1228.339615038671
           0.955034213099          -1228.508908337357          -1228.339146878591
           0.956989247312          -1228.508435223955          -1228.338678863443
           0.958944281525          -1228.507962247716          -1228.338210975497
           0.960899315738          -1228.507489389521          -1228.337743197020
           0.962854349951          -1228.507016630248          -1228.337275510281
           0.964809384164          -1228.506543950779          -1228.336807897549
           0.966764418377          -1228.506071331993          -1228.336340341094
           0.968719452590          -1228.505598754771          -1228.335872823184
           0.970674486804          -1228.505126199992          -1228.335405326086
           0.972629521017          -1228.504653648537          -1228.334937832072
           0.974584555230          -1228.504181081285          -1228.334470323408
           0.976539589443          -1228.503708479117          -1228.334002782364
           0.978494623656          -1228.503235822914          -1228.333535191208
           0.980449657869          -1228.502763093554          -1228.333067532210
           0.982404692082          -1228.502290271918          -1228.332599787637
           0.984359726295          -1228.501817338887          -1228.332131939760
           0.986314760508          -1228.501344275340          -1228.331663970846
           0.988269794721          -1228.500871062158          -1228.331195863164
           0.990224828935          -1228.500397680220          -1228.330727598983
           0.992179863148          -1228.499924110406          -1228.330259160572
           0.994134897361          -1228.499450333597          -1228.329790530199
           0.996089931574          -1228.498976330673          -1228.329321690134
           0.998044965787          -1228.498502082514          -1228.328852622644
           1.000000000000          -1228.498027570000          -1228.328383310000
