          -1.000000000000          -1228.155999180000          -1227.948088860000
          -0.998044965787          -1228.161173792415          -1227.953283231261
          -0.996089931574          -1228.166389545189          -1227.958518736187
          -0.994134897361          -1228.171643462779          -1227.963792399719
          -0.992179863148          -1228.176932569643          -1227.969101246798
          -0.990224828935          -1228.182253890237          -1227.974442302366
          -0.988269794721          -1228.187604449018          -1227.979812591363
          -0.986314760508          -1228.192981270443          -1227.985209138730
          -0.984359726295          -1228.198381378970          -1227.990628969410
          -0.982404692082          -1228.203801799054          -1227.996069108343
          -0.980449657869          -1228.209239555154          -1228.001526580470
          -0.978494623656          -1228.214691671725          -1228.006998410732
          -0.976539589443          -1228.220155173226          -1228.012481624071
          -0.974584555230          -1228.225627084113          -1228.017973245427
          -0.972629521017          -1228.231104428842          -1228.023470299742
          -0.970674486804          -1228.236584231872          -1228.028969811957
          -0.968719452590          -1228.242063517658          -1228.034468807013
          -0.966764418377          -1228.247539310659          -1228.039964309851
          -0.964809384164          -1228.253008635330          -1228.045453345412
          -0.962854349951          -1228.258468516128          -1228.050932938638
          -0.960899315738          -1228.263915977512          -1228.056400114470
          -0.958944281525          -1228.269348043938          -1228.061851897849
          -0.956989247312          -1228.274761739862          -1228.067285313715
          -0.955034213099          -1228.280154089742          -1228.072697387011
          -0.953079178886          -1228.285522118034          -1228.078085142677
          -0.951124144673          -1228.290862849196          -1228.083445605654
          -0.949169110459          -1228.296173307685          -1228.088775800884
          -0.947214076246          -1228.301450517957          -1228.094072753307
          -0.945259042033          -1228.306691504470          -1228.099333487866
          -0.943304007820          -1228.311893291680          -1228.104555029500
          -0.941348973607          -1228.317052904044          -1228.109734403151
          -0.939393939394          -1228.322167366020          -1228.114868633761
          -0.937438905181          -1228.327233702065          -1228.119954746270
          -0.935483870968          -1228.332248936635          -1228.124989765621
          -0.933528836755          -1228.337210094187          -1228.129970716752
          -0.931573802542          -1228.342114199178          -1228.134894624606
          -0.929618768328          -1228.346958276066          -1228.139758514125
          -0.927663734115          -1228.351739349307          -1228.144559410249
          -0.925708699902          -1228.356454443358          -1228.149294337919
          -0.923753665689          -1228.361100582677          -1228.153960322077
          -0.921798631476          -1228.365674791719          -1228.158554387663
          -0.919843597263          -1228.370174094943          -1228.163073559620
          -0.917888563050          -1228.374595516805          -1228.167514862886
          -0.915933528837          -1228.378936081761          -1228.171875322406
          -0.913978494624          -1228.383192814270          -1228.176151963118
          -0.912023460411          -1228.387362845425          -1228.180341916601
          -0.910068426197          -1228.391445528082          -1228.184444536168
          -0.908113391984          -1228.395442315695          -1228.188461275705
          -0.906158357771          -1228.399354744097          -1228.192393671477
          -0.904203323558          -1228.403184349119          -1228.196243259750
          -0.902248289345          -1228.406932666594          -1228.200011576786
          -0.900293255132          -1228.410601232355          -1228.203700158851
          -0.898338220919          -1228.414191582234          -1228.207310542210
          -0.896383186706          -1228.417705252062          -1228.210844263128
          -0.894428152493          -1228.421143777674          -1228.214302857867
          -0.892473118280          -1228.424508694901          -1228.217687862694
          -0.890518084066          -1228.427801539575          -1228.221000813874
          -0.888563049853          -1228.431023847529          -1228.224243247669
          -0.886608015640          -1228.434177154596          -1228.227416700346
          -0.884652981427          -1228.437262996607          -1228.230522708169
          -0.882697947214          -1228.440282909396          -1228.233562807401
          -0.880742913001          -1228.443238428794          -1228.236538534309
          -0.878787878788          -1228.446131090633          -1228.239451425156
          -0.876832844575          -1228.448962430748          -1228.242303016208
          -0.874877810362          -1228.451733984969          -1228.245094843728
          -0.872922776149          -1228.454447289130          -1228.247828443981
          -0.870967741935          -1228.457103879061          -1228.250505353233
          -0.869012707722          -1228.459705290598          -1228.253127107747
          -0.867057673509          -1228.462253059570          -1228.255695243788
          -0.865102639296          -1228.464748721811          -1228.258211297621
          -0.863147605083          -1228.467193813154          -1228.260676805510
          -0.861192570870          -1228.469589869430          -1228.263093303720
          -0.859237536657          -1228.471938426473          -1228.265462328516
          -0.857282502444          -1228.474241020113          -1228.267785416162
          -0.855327468231          -1228.476499186185          -1228.270064102922
          -0.853372434018          -1228.478714460520          -1228.272299925062
          -0.851417399804          -1228.480888378951          -1228.274494418846
          -0.849462365591          -1228.483022477310          -1228.276649120538
          -0.847507331378          -1228.485118291429          -1228.278765566404
          -0.845552297165          -1228.487177357141          -1228.280845292707
          -0.843597262952          -1228.489201210278          -1228.282889835713
          -0.841642228739          -1228.491191386674          -1228.284900731685
          -0.839687194526          -1228.493149422159          -1228.286879516890
          -0.837732160313          -1228.495076852568          -1228.288827727590
          -0.835777126100          -1228.496975213731          -1228.290746900051
          -0.833822091887          -1228.498846041481          -1228.292638570537
          -0.831867057674          -1228.500690871651          -1228.294504275314
          -0.829912023460          -1228.502511240074          -1228.296345550644
          -0.827956989247          -1228.504308682581          -1228.298163932794
          -0.826001955034          -1228.506084734984          -1228.299960958007
          -0.824046920821          -1228.507840644543          -1228.301737873958
          -0.822091886608          -1228.509576645254          -1228.303494914999
          -0.820136852395          -1228.511292748819          -1228.305232093173
          -0.818181818182          -1228.512988966939          -1228.306949420527
          -0.816226783969          -1228.514665311318          -1228.308646909104
          -0.814271749756          -1228.516321793658          -1228.310324570951
          -0.812316715543          -1228.517958425661          -1228.311982418111
          -0.810361681329          -1228.519575219029          -1228.313620462631
          -0.808406647116          -1228.521172185465          -1228.315238716554
          -0.806451612903          -1228.522749336671          -1228.316837191927
          -0.804496578690          -1228.524306684349          -1228.318415900794
          -0.802541544477          -1228.525844240202          -1228.319974855200
          -0.800586510264          -1228.527362015933          -1228.321514067190
          -0.798631476051          -1228.528860023242          -1228.323033548809
          -0.796676441838          -1228.530338273834          -1228.324533312102
          -0.794721407625          -1228.531796779409          -1228.326013369114
          -0.792766373412          -1228.533235551672          -1228.327473731891
          -0.790811339198          -1228.534654602323          -1228.328914412476
          -0.788856304985          -1228.536053943065          -1228.330335422916
          -0.786901270772          -1228.537433585600          -1228.331736775254
          -0.784946236559          -1228.538793541632          -1228.333118481537
          -0.782991202346          -1228.540133822861          -1228.334480553809
          -0.781036168133          -1228.541454440991          -1228.335823004115
          -0.779081133920          -1228.542755407724          -1228.337145844499
          -0.777126099707          -1228.544036734763          -1228.338449087009
          -0.775171065494          -1228.545298433808          -1228.339732743687
          -0.773216031281          -1228.546540516563          -1228.340996826579
          -0.771260997067          -1228.547762994731          -1228.342241347731
          -0.769305962854          -1228.548965880014          -1228.343466319187
          -0.767350928641          -1228.550149184113          -1228.344671752992
          -0.765395894428          -1228.551312918731          -1228.345857661190
          -0.763440860215          -1228.552457095572          -1228.347024055829
          -0.761485826002          -1228.553581726336          -1228.348170948951
          -0.759530791789          -1228.554686822726          -1228.349298352602
          -0.757575757576          -1228.555772396445          -1228.350406278828
          -0.755620723363          -1228.556838459195          -1228.351494739672
          -0.753665689150          -1228.557885022678          -1228.352563747181
          -0.751710654936          -1228.558912098597          -1228.353613313399
          -0.749755620723          -1228.559919698654          -1228.354643450371
          -0.747800586510          -1228.560907834551          -1228.355654170143
          -0.745845552297          -1228.561876517991          -1228.356645484758
          -0.743890518084          -1228.562825760675          -1228.357617406263
          -0.741935483871          -1228.563755574307          -1228.358569946702
          -0.739980449658          -1228.564665970589          -1228.359503118120
          -0.738025415445          -1228.565556968235          -1228.360416939585
          -0.736070381232          -1228.566428706926          -1228.361311551315
          -0.734115347019          -1228.567281428425          -1228.362187195766
          -0.732160312805          -1228.568115377695          -1228.363044118600
          -0.730205278592          -1228.568930799697          -1228.363882565475
          -0.728250244379          -1228.569727939396          -1228.364702782053
          -0.726295210166          -1228.570507041753          -1228.365505013994
          -0.724340175953          -1228.571268351731          -1228.366289506958
          -0.722385141740          -1228.572012114293          -1228.367056506606
          -0.720430107527          -1228.572738574402          -1228.367806258598
          -0.718475073314          -1228.573447977020          -1228.368539008596
          -0.716520039101          -1228.574140567109          -1228.369255002258
          -0.714565004888          -1228.574816589633          -1228.369954485247
          -0.712609970674          -1228.575476289554          -1228.370637703221
          -0.710654936461          -1228.576119911835          -1228.371304901842
          -0.708699902248          -1228.576747701438          -1228.371956326770
          -0.706744868035          -1228.577359903326          -1228.372592223666
          -0.704789833822          -1228.577956762462          -1228.373212838189
          -0.702834799609          -1228.578538523808          -1228.373818416001
          -0.700879765396          -1228.579105432327          -1228.374409202761
          -0.698924731183          -1228.579657732982          -1228.374985444131
          -0.696969696970          -1228.580195670735          -1228.375547385771
          -0.695014662757          -1228.580719490549          -1228.376095273341
          -0.693059628543          -1228.581229437386          -1228.376629352501
          -0.691104594330          -1228.581725756210          -1228.377149868912
          -0.689149560117          -1228.582208691982          -1228.377657068235
          -0.687194525904          -1228.582678489666          -1228.378151196130
          -0.685239491691          -1228.583135394225          -1228.378632498258
          -0.683284457478          -1228.583579650620          -1228.379101220278
          -0.681329423265          -1228.584011503815          -1228.379557607851
          -0.679374389052          -1228.584431198771          -1228.380001906639
          -0.677419354839          -1228.584838980453          -1228.380434362301
          -0.675464320626          -1228.585235093821          -1228.380855220497
          -0.673509286413          -1228.585619783840          -1228.381264726888
          -0.671554252199          -1228.585993295472          -1228.381663127135
          -0.669599217986          -1228.586355873679          -1228.382050666898
          -0.667644183773          -1228.586707763423          -1228.382427591837
          -0.665689149560          -1228.587049209669          -1228.382794147614
          -0.663734115347          -1228.587380457378          -1228.383150579887
          -0.661779081134          -1228.587701751513          -1228.383497134319
          -0.659824046921          -1228.588013337037          -1228.383834056569
          -0.657869012708          -1228.588315458911          -1228.384161592297
          -0.655913978495          -1228.588608362100          -1228.384479987164
          -0.653958944282          -1228.588892291565          -1228.384789486832
          -0.652003910068          -1228.589167492252          -1228.385090336941
          -0.650048875855          -1228.589434174236          -1228.385382748326
          -0.648093841642          -1228.589692439958          -1228.385666824367
          -0.646138807429          -1228.589942371155          -1228.385942647777
          -0.644183773216          -1228.590184049564          -1228.386210301269
          -0.642228739003          -1228.590417556923          -1228.386469867554
          -0.640273704790          -1228.590642974968          -1228.386721429347
          -0.638318670577          -1228.590860385436          -1228.386965069358
          -0.636363636364          -1228.591069870065          -1228.387200870300
          -0.634408602151          -1228.591271510591          -1228.387428914887
          -0.632453567937          -1228.591465388752          -1228.387649285831
          -0.630498533724          -1228.591651586284          -1228.387862065843
          -0.628543499511          -1228.591830184925          -1228.388067337638
          -0.626588465298          -1228.592001266411          -1228.388265183926
          -0.624633431085          -1228.592164912480          -1228.388455687422
          -0.622678396872          -1228.592321204870          -1228.388638930837
          -0.620723362659          -1228.592470225315          -1228.388814996883
          -0.618768328446          -1228.592612055555          -1228.388983968274
          -0.616813294233          -1228.592746777325          -1228.389145927722
          -0.614858260020          -1228.592874472363          -1228.389300957939
          -0.612903225806          -1228.592995222406          -1228.389449141638
          -0.610948191593          -1228.593109109192          -1228.389590561532
          -0.608993157380          -1228.593216214457          -1228.389725300332
          -0.607038123167          -1228.593316619937          -1228.389853440752
          -0.605083088954          -1228.593410407371          -1228.389975065505
          -0.603128054741          -1228.593497658495          -1228.390090257301
          -0.601173020528          -1228.593578455046          -1228.390199098855
          -0.599217986315          -1228.593652878762          -1228.390301672879
          -0.597262952102          -1228.593721011379          -1228.390398062085
          -0.595307917889          -1228.593782934634          -1228.390488349186
          -0.593352883675          -1228.593838730265          -1228.390572616893
          -0.591397849462          -1228.593888480008          -1228.390650947921
          -0.589442815249          -1228.593932265601          -1228.390723424981
          -0.587487781036          -1228.593970168780          -1228.390790130786
          -0.585532746823          -1228.594002271283          -1228.390851148048
          -0.583577712610          -1228.594028654847          -1228.390906559480
          -0.581622678397          -1228.594049401209          -1228.390956447794
          -0.579667644184          -1228.594064592105          -1228.391000895704
          -0.577712609971          -1228.594074309273          -1228.391039985921
          -0.575757575758          -1228.594078634451          -1228.391073801158
          -0.573802541544          -1228.594077649374          -1228.391102424127
          -0.571847507331          -1228.594071435780          -1228.391125937542
          -0.569892473118          -1228.594060075406          -1228.391144424114
          -0.567937438905          -1228.594043649989          -1228.391157966556
          -0.565982404692          -1228.594022241266          -1228.391166647581
          -0.564027370479          -1228.593995930419          -1228.391170549366
          -0.562072336266          -1228.593964790582          -1228.391169746340
          -0.560117302053          -1228.593928888835          -1228.391164307099
          -0.558162267840          -1228.593888292108          -1228.391154300096
          -0.556207233627          -1228.593843067333          -1228.391139793786
          -0.554252199413          -1228.593793281441          -1228.391120856622
          -0.552297165200          -1228.593739001361          -1228.391097557058
          -0.550342130987          -1228.593680294026          -1228.391069963548
          -0.548387096774          -1228.593617226367          -1228.391038144546
          -0.546432062561          -1228.593549865313          -1228.391002168504
          -0.544477028348          -1228.593478277796          -1228.390962103877
          -0.542521994135          -1228.593402530747          -1228.390918019119
          -0.540566959922          -1228.593322691097          -1228.390869982683
          -0.538611925709          -1228.593238825777          -1228.390818063024
          -0.536656891496          -1228.593151001717          -1228.390762328595
          -0.534701857283          -1228.593059285848          -1228.390702847848
          -0.532746823069          -1228.592963745103          -1228.390639689239
          -0.530791788856          -1228.592864446410          -1228.390572921221
          -0.528836754643          -1228.592761456703          -1228.390502612248
          -0.526881720430          -1228.592654842910          -1228.390428830774
          -0.524926686217          -1228.592544671963          -1228.390351645251
          -0.522971652004          -1228.592431010793          -1228.390271124134
          -0.521016617791          -1228.592313926332          -1228.390187335877
          -0.519061583578          -1228.592193485509          -1228.390100348934
          -0.517106549365          -1228.592069755256          -1228.390010231757
          -0.515151515152          -1228.591942802504          -1228.389917052802
          -0.513196480938          -1228.591812694183          -1228.389820880521
          -0.511241446725          -1228.591679497224          -1228.389721783368
          -0.509286412512          -1228.591543278559          -1228.389619829797
          -0.507331378299          -1228.591404105119          -1228.389515088262
          -0.505376344086          -1228.591262043834          -1228.389407627217
          -0.503421309873          -1228.591117161635          -1228.389297515115
          -0.501466275660          -1228.590969525453          -1228.389184820410
          -0.499511241447          -1228.590819202219          -1228.389069611555
          -0.497556207234          -1228.590666258864          -1228.388951957005
          -0.495601173021          -1228.590510762318          -1228.388831925213
          -0.493646138807          -1228.590352779514          -1228.388709584633
          -0.491691104594          -1228.590192377381          -1228.388585003719
          -0.489736070381          -1228.590029622851          -1228.388458250924
          -0.487781036168          -1228.589864582854          -1228.388329394701
          -0.485826001955          -1228.589697324321          -1228.388198503506
          -0.483870967742          -1228.589527914184          -1228.388065645792
          -0.481915933529          -1228.589356419373          -1228.387930890011
          -0.479960899316          -1228.589182906820          -1228.387794304619
          -0.478005865103          -1228.589007443443          -1228.387655958056
          -0.476050830890          -1228.588830088868          -1228.387515911407
          -0.474095796676          -1228.588650882887          -1228.387374205744
          -0.472140762463          -1228.588469861952          -1228.387230878769
          -0.470185728250          -1228.588287062517          -1228.387085968185
          -0.468230694037          -1228.588102521032          -1228.386939511695
          -0.466275659824          -1228.587916273952          -1228.386791547003
          -0.464320625611          -1228.587728357727          -1228.386642111810
          -0.462365591398          -1228.587538808811          -1228.386491243820
          -0.460410557185          -1228.587347663656          -1228.386338980736
          -0.458455522972          -1228.587154958715          -1228.386185360261
          -0.456500488759          -1228.586960730440          -1228.386030420098
          -0.454545454545          -1228.586765015282          -1228.385874197950
          -0.452590420332          -1228.586567849696          -1228.385716731519
          -0.450635386119          -1228.586369270134          -1228.385558058508
          -0.448680351906          -1228.586169313046          -1228.385398216621
          -0.446725317693          -1228.585968014887          -1228.385237243561
          -0.444770283480          -1228.585765412109          -1228.385075177030
          -0.442815249267          -1228.585561541164          -1228.384912054731
          -0.440860215054          -1228.585356438505          -1228.384747914367
          -0.438905180841          -1228.585150140583          -1228.384582793642
          -0.436950146628          -1228.584942683852          -1228.384416730257
          -0.434995112414          -1228.584734104763          -1228.384249761917
          -0.433040078201          -1228.584524439770          -1228.384081926324
          -0.431085043988          -1228.584313725325          -1228.383913261180
          -0.429130009775          -1228.584101997880          -1228.383743804189
          -0.427174975562          -1228.583889293888          -1228.383573593055
          -0.425219941349          -1228.583675649801          -1228.383402665478
          -0.423264907136          -1228.583461102071          -1228.383231059164
          -0.421309872923          -1228.583245687152          -1228.383058811813
          -0.419354838710          -1228.583029441495          -1228.382885961131
          -0.417399804497          -1228.582812401552          -1228.382712544819
          -0.415444770283          -1228.582594603778          -1228.382538600580
          -0.413489736070          -1228.582376084623          -1228.382364166117
          -0.411534701857          -1228.582156880540          -1228.382189279134
          -0.409579667644          -1228.581937027982          -1228.382013977333
          -0.407624633431          -1228.581716563401          -1228.381838298417
          -0.405669599218          -1228.581495523250          -1228.381662280089
          -0.403714565005          -1228.581273943980          -1228.381485960052
          -0.401759530792          -1228.581051862046          -1228.381309376009
          -0.399804496579          -1228.580829313898          -1228.381132565662
          -0.397849462366          -1228.580606335990          -1228.380955566716
          -0.395894428152          -1228.580382964773          -1228.380778416871
          -0.393939393939          -1228.580159236702          -1228.380601153833
          -0.391984359726          -1228.579935188226          -1228.380423815303
          -0.390029325513          -1228.579710855194          -1228.380246438327
          -0.388074291300          -1228.579486266013          -1228.380069051882
          -0.386119257087          -1228.579261444104          -1228.379891679534
          -0.384164222874          -1228.579036412795          -1228.379714344747
          -0.382209188661          -1228.578811195412          -1228.379537070986
          -0.380254154448          -1228.578585815284          -1228.379359881716
          -0.378299120235          -1228.578360295737          -1228.379182800402
          -0.376344086022          -1228.578134660099          -1228.379005850509
          -0.374389051808          -1228.577908931698          -1228.378829055502
          -0.372434017595          -1228.577683133862          -1228.378652438846
          -0.370478983382          -1228.577457289917          -1228.378476024006
          -0.368523949169          -1228.577231423192          -1228.378299834447
          -0.366568914956          -1228.577005557013          -1228.378123893633
          -0.364613880743          -1228.576779714708          -1228.377948225030
          -0.362658846530          -1228.576553919606          -1228.377772852103
          -0.360703812317          -1228.576328195032          -1228.377597798317
          -0.358748778104          -1228.576102564315          -1228.377423087136
          -0.356793743891          -1228.575877050783          -1228.377248742025
          -0.354838709677          -1228.575651677762          -1228.377074786450
          -0.352883675464          -1228.575426468581          -1228.376901243876
          -0.350928641251          -1228.575201446566          -1228.376728137767
          -0.348973607038          -1228.574976635046          -1228.376555491588
          -0.347018572825          -1228.574752057347          -1228.376383328805
          -0.345063538612          -1228.574527736798          -1228.376211672881
          -0.343108504399          -1228.574303696725          -1228.376040547283
          -0.341153470186          -1228.574079960457          -1228.375869975475
          -0.339198435973          -1228.573856551320          -1228.375699980923
          -0.337243401760          -1228.573633492643          -1228.375530587090
          -0.335288367546          -1228.573410807753          -1228.375361817442
          -0.333333333333          -1228.573188519977          -1228.375193695444
          -0.331378299120          -1228.572966652642          -1228.375026244561
          -0.329423264907          -1228.572745229077          -1228.374859488258
          -0.327468230694          -1228.572524272609          -1228.374693450000
          -0.325513196481          -1228.572303806565          -1228.374528153252
          -0.323558162268          -1228.572083854272          -1228.374363621478
          -0.321603128055          -1228.571864439060          -1228.374199878144
          -0.319648093842          -1228.571645584254          -1228.374036946714
          -0.317693059629          -1228.571427313182          -1228.373874850654
          -0.315738025415          -1228.571209649172          -1228.373713613429
          -0.313782991202          -1228.570992615551          -1228.373553258503
          -0.311827956989          -1228.570776235647          -1228.373393809341
          -0.309872922776          -1228.570560532788          -1228.373235289409
          -0.307917888563          -1228.570345530300          -1228.373077722171
          -0.305962854350          -1228.570131251512          -1228.372921131092
          -0.304007820137          -1228.569917719741          -1228.372765539627
          -0.302052785924          -1228.569704955501          -1228.372610968119
          -0.300097751711          -1228.569492972575          -1228.372457429439
          -0.298142717498          -1228.569281783752          -1228.372304935360
          -0.296187683284          -1228.569071401825          -1228.372153497655
          -0.294232649071          -1228.568861839585          -1228.372003128097
          -0.292277614858          -1228.568653109824          -1228.371853838460
          -0.290322580645          -1228.568445225334          -1228.371705640516
          -0.288367546432          -1228.568238198905          -1228.371558546039
          -0.286412512219          -1228.568032043329          -1228.371412566801
          -0.284457478006          -1228.567826771399          -1228.371267714577
          -0.282502443793          -1228.567622395905          -1228.371124001138
          -0.280547409580          -1228.567418929639          -1228.370981438259
          -0.278592375367          -1228.567216385392          -1228.370840037712
          -0.276637341153          -1228.567014775957          -1228.370699811270
          -0.274682306940          -1228.566814114125          -1228.370560770707
          -0.272727272727          -1228.566614412686          -1228.370422927795
          -0.270772238514          -1228.566415684434          -1228.370286294308
          -0.268817204301          -1228.566217942158          -1228.370150882019
          -0.266862170088          -1228.566021198652          -1228.370016702701
          -0.264907135875          -1228.565825466706          -1228.369883768127
          -0.262952101662          -1228.565630759112          -1228.369752090071
          -0.260997067449          -1228.565437088661          -1228.369621680305
          -0.259042033236          -1228.565244468146          -1228.369492550602
          -0.257086999022          -1228.565052910357          -1228.369364712736
          -0.255131964809          -1228.564862428086          -1228.369238178480
          -0.253176930596          -1228.564673034125          -1228.369112959607
          -0.251221896383          -1228.564484741265          -1228.368989067890
          -0.249266862170          -1228.564297562298          -1228.368866515101
          -0.247311827957          -1228.564111510015          -1228.368745313015
          -0.245356793744          -1228.563926597208          -1228.368625473405
          -0.243401759531          -1228.563742836668          -1228.368507008043
          -0.241446725318          -1228.563560241188          -1228.368389928702
          -0.239491691105          -1228.563378823557          -1228.368274247157
          -0.237536656891          -1228.563198596569          -1228.368159975179
          -0.235581622678          -1228.563019573015          -1228.368047124542
          -0.233626588465          -1228.562841765685          -1228.367935707020
          -0.231671554252          -1228.562665187372          -1228.367825734384
          -0.229716520039          -1228.562489850867          -1228.367717218410
          -0.227761485826          -1228.562315768963          -1228.367610170868
          -0.225806451613          -1228.562142954449          -1228.367504603534
          -0.223851417400          -1228.561971420119          -1228.367400528178
          -0.221896383187          -1228.561801178762          -1228.367297956577
          -0.219941348974          -1228.561632243172          -1228.367196900500
          -0.217986314761          -1228.561464626139          -1228.367097371724
          -0.216031280547          -1228.561298340076          -1228.366999381588
          -0.214076246334          -1228.561133393426          -1228.366902936917
          -0.212121212121          -1228.560969792256          -1228.366808041835
          -0.210166177908          -1228.560807542606          -1228.366714700431
          -0.208211143695          -1228.560646650514          -1228.366622916793
          -0.206256109482          -1228.560487122016          -1228.366532695010
          -0.204301075269          -1228.560328963153          -1228.366444039170
          -0.202346041056          -1228.560172179960          -1228.366356953362
          -0.200391006843          -1228.560016778477          -1228.366271441674
          -0.198435972630          -1228.559862764741          -1228.366187508195
          -0.196480938416          -1228.559710144790          -1228.366105157012
          -0.194525904203          -1228.559558924662          -1228.366024392216
          -0.192570869990          -1228.559409110395          -1228.365945217893
          -0.190615835777          -1228.559260708027          -1228.365867638133
          -0.188660801564          -1228.559113723597          -1228.365791657025
          -0.186705767351          -1228.558968163141          -1228.365717278656
          -0.184750733138          -1228.558824032699          -1228.365644507115
          -0.182795698925          -1228.558681338307          -1228.365573346490
          -0.180840664712          -1228.558540086004          -1228.365503800870
          -0.178885630499          -1228.558400281828          -1228.365435874345
          -0.176930596285          -1228.558261931817          -1228.365369571001
          -0.174975562072          -1228.558125042009          -1228.365304894927
          -0.173020527859          -1228.557989618442          -1228.365241850213
          -0.171065493646          -1228.557855667153          -1228.365180440946
          -0.169110459433          -1228.557723194181          -1228.365120671215
          -0.167155425220          -1228.557592205563          -1228.365062545108
          -0.165200391007          -1228.557462707339          -1228.365006066715
          -0.163245356794          -1228.557334705545          -1228.364951240123
          -0.161290322581          -1228.557208206219          -1228.364898069421
          -0.159335288368          -1228.557083215400          -1228.364846558698
          -0.157380254154          -1228.556959739126          -1228.364796712041
          -0.155425219941          -1228.556837783434          -1228.364748533540
          -0.153470185728          -1228.556717354362          -1228.364702027282
          -0.151515151515          -1228.556598457950          -1228.364657197357
          -0.149560117302          -1228.556481100233          -1228.364614047853
          -0.147605083089          -1228.556365287250          -1228.364572582859
          -0.145650048876          -1228.556251025040          -1228.364532806462
          -0.143695014663          -1228.556138319641          -1228.364494722751
          -0.141739980450          -1228.556027177089          -1228.364458335815
          -0.139784946237          -1228.555917603424          -1228.364423649743
          -0.137829912023          -1228.555809604683          -1228.364390668622
          -0.135874877810          -1228.555703186904          -1228.364359396542
          -0.133919843597          -1228.555598356125          -1228.364329837590
          -0.131964809384          -1228.555495118384          -1228.364301995856
          -0.130009775171          -1228.555393479710          -1228.364275875418
          -0.128054740958          -1228.555293444621          -1228.364251478762
          -0.126099706745          -1228.555195014422          -1228.364228804988
          -0.124144672532          -1228.555098190006          -1228.364207852763
          -0.122189638319          -1228.555002972269          -1228.364188620753
          -0.120234604106          -1228.554909362105          -1228.364171107625
          -0.118279569892          -1228.554817360408          -1228.364155312046
          -0.116324535679          -1228.554726968072          -1228.364141232682
          -0.114369501466          -1228.554638185992          -1228.364128868202
          -0.112414467253          -1228.554551015062          -1228.364118217270
          -0.110459433040          -1228.554465456177          -1228.364109278554
          -0.108504398827          -1228.554381510231          -1228.364102050721
          -0.106549364614          -1228.554299178118          -1228.364096532438
          -0.104594330401          -1228.554218460733          -1228.364092722371
          -0.102639296188          -1228.554139358969          -1228.364090619188
          -0.100684261975          -1228.554061873723          -1228.364090221554
          -0.098729227761          -1228.553986005887          -1228.364091528137
          -0.096774193548          -1228.553911756356          -1228.364094537603
          -0.094819159335          -1228.553839126025          -1228.364099248619
          -0.092864125122          -1228.553768115787          -1228.364105659853
          -0.090909090909          -1228.553698726538          -1228.364113769970
          -0.088954056696          -1228.553630959171          -1228.364123577639
          -0.086999022483          -1228.553564814582          -1228.364135081524
          -0.085043988270          -1228.553500293663          -1228.364148280293
          -0.083088954057          -1228.553437397311          -1228.364163172614
          -0.081133919844          -1228.553376126418          -1228.364179757152
          -0.079178885630          -1228.553316481881          -1228.364198032575
          -0.077223851417          -1228.553258464591          -1228.364217997548
          -0.075268817204          -1228.553202075445          -1228.364239650740
          -0.073313782991          -1228.553147315337          -1228.364262990817
          -0.071358748778          -1228.553094185160          -1228.364288016445
          -0.069403714565          -1228.553042685810          -1228.364314726292
          -0.067448680352          -1228.552992818181          -1228.364343119024
          -0.065493646139          -1228.552944583166          -1228.364373193308
          -0.063538611926          -1228.552897981661          -1228.364404947810
          -0.061583577713          -1228.552853014560          -1228.364438381198
          -0.059628543500          -1228.552809682756          -1228.364473492138
          -0.057673509286          -1228.552767987146          -1228.364510279297
          -0.055718475073          -1228.552727928622          -1228.364548741343
          -0.053763440860          -1228.552689508079          -1228.364588876940
          -0.051808406647          -1228.552652726412          -1228.364630684757
          -0.049853372434          -1228.552617584515          -1228.364674163460
          -0.047898338221          -1228.552584083282          -1228.364719311717
          -0.045943304008          -1228.552552223608          -1228.364766128193
          -0.043988269795          -1228.552522006388          -1228.364814611555
          -0.042033235582          -1228.552493432220          -1228.364864760154
          -0.040078201369          -1228.552466499056          -1228.364916569479
          -0.038123167155          -1228.552441203436          -1228.364970033500
          -0.036168132942          -1228.552417541888          -1228.365025146176
          -0.034213098729          -1228.552395510941          -1228.365081901464
          -0.032258064516          -1228.552375107125          -1228.365140293320
          -0.030303030303          -1228.552356326966          -1228.365200315702
          -0.028347996090          -1228.552339166995          -1228.365261962568
          -0.026392961877          -1228.552323623739          -1228.365325227874
          -0.024437927664          -1228.552309693728          -1228.365390105578
          -0.022482893451          -1228.552297373489          -1228.365456589638
          -0.020527859238          -1228.552286659552          -1228.365524674010
          -0.018572825024          -1228.552277548444          -1228.365594352651
          -0.016617790811          -1228.552270036695          -1228.365665619519
          -0.014662756598          -1228.552264120833          -1228.365738468572
          -0.012707722385          -1228.552259797387          -1228.365812893766
          -0.010752688172          -1228.552257062885          -1228.365888889058
          -0.008797653959          -1228.552255913856          -1228.365966448407
          -0.006842619746          -1228.552256346828          -1228.366045565769
          -0.004887585533          -1228.552258358330          -1228.366126235102
          -0.002932551320          -1228.552261944891          -1228.366208450362
          -0.000977517107          -1228.552267103039          -1228.366292205507
           0.000977517107          -1228.552273829303          -1228.366377494495
           0.002932551320          -1228.552282120211          -1228.366464311283
           0.004887585533          -1228.552291972291          -1228.366552649827
           0.006842619746          -1228.552303382074          -1228.366642504085
           0.008797653959          -1228.552316346086          -1228.366733868015
           0.010752688172          -1228.552330860858          -1228.366826735574
           0.012707722385          -1228.552346922916          -1228.366921100718
           0.014662756598          -1228.552364528790          -1228.367016957406
           0.016617790811          -1228.552383675009          -1228.367114299594
           0.018572825024          -1228.552404358100          -1228.367213121240
           0.020527859238          -1228.552426574594          -1228.367313416301
           0.022482893451          -1228.552450321017          -1228.367415178734
           0.024437927664          -1228.552475593899          -1228.367518402496
           0.026392961877          -1228.552502389769          -1228.367623081546
           0.028347996090          -1228.552530705154          -1228.367729209840
           0.030303030303          -1228.552560536584          -1228.367836781335
           0.032258064516          -1228.552591880586          -1228.367945789988
           0.034213098729          -1228.552624733691          -1228.368056229757
           0.036168132942          -1228.552659092425          -1228.368168094600
           0.038123167155          -1228.552694953319          -1228.368281378473
           0.040078201369          -1228.552732312900          -1228.368396075334
           0.042033235582          -1228.552771167697          -1228.368512179139
           0.043988269795          -1228.552811514226          -1228.368629683835
           0.045943304008          -1228.552853347633          -1228.368748582104
           0.047898338221          -1228.552896660483          -1228.368868864249
           0.049853372434          -1228.552941445054          -1228.368990520308
           0.051808406647          -1228.552987693626          -1228.369113540319
           0.053763440860          -1228.553035398478          -1228.369237914322
           0.055718475073          -1228.553084551889          -1228.369363632356
           0.057673509286          -1228.553135146136          -1228.369490684457
           0.059628543500          -1228.553187173500          -1228.369619060667
           0.061583577713          -1228.553240626259          -1228.369748751022
           0.063538611926          -1228.553295496692          -1228.369879745562
           0.065493646139          -1228.553351777078          -1228.370012034326
           0.067448680352          -1228.553409459695          -1228.370145607352
           0.069403714565          -1228.553468536823          -1228.370280454679
           0.071358748778          -1228.553529000741          -1228.370416566345
           0.073313782991          -1228.553590843728          -1228.370553932390
           0.075268817204          -1228.553654058061          -1228.370692542851
           0.077223851417          -1228.553718636021          -1228.370832387769
           0.079178885630          -1228.553784569886          -1228.370973457180
           0.081133919844          -1228.553851851936          -1228.371115741124
           0.083088954057          -1228.553920474448          -1228.371259229640
           0.085043988270          -1228.553990429702          -1228.371403912766
           0.086999022483          -1228.554061709977          -1228.371549780541
           0.088954056696          -1228.554134307551          -1228.371696823004
           0.090909090909          -1228.554208214704          -1228.371845030194
           0.092864125122          -1228.554283423714          -1228.371994392148
           0.094819159335          -1228.554359926861          -1228.372144898906
           0.096774193548          -1228.554437716423          -1228.372296540506
           0.098729227761          -1228.554516784679          -1228.372449306987
           0.100684261975          -1228.554597123908          -1228.372603188388
           0.102639296188          -1228.554678726389          -1228.372758174748
           0.104594330401          -1228.554761584400          -1228.372914256104
           0.106549364614          -1228.554845690222          -1228.373071422497
           0.108504398827          -1228.554931036132          -1228.373229663963
           0.110459433040          -1228.555017614409          -1228.373388970543
           0.112414467253          -1228.555105417333          -1228.373549332275
           0.114369501466          -1228.555194437182          -1228.373710739197
           0.116324535679          -1228.555284666235          -1228.373873181349
           0.118279569892          -1228.555376096771          -1228.374036648768
           0.120234604106          -1228.555468721069          -1228.374201131494
           0.122189638319          -1228.555562531408          -1228.374366619565
           0.124144672532          -1228.555657520067          -1228.374533103020
           0.126099706745          -1228.555753679324          -1228.374700571897
           0.128054740958          -1228.555851001459          -1228.374869016236
           0.130009775171          -1228.555949478750          -1228.375038426075
           0.131964809384          -1228.556049103154          -1228.375208791209
           0.133919843597          -1228.556149864097          -1228.375380099540
           0.135874877810          -1228.556251749818          -1228.375552338073
           0.137829912023          -1228.556354748549          -1228.375725493809
           0.139784946237          -1228.556458848521          -1228.375899553752
           0.141739980450          -1228.556564037964          -1228.376074504903
           0.143695014663          -1228.556670305111          -1228.376250334263
           0.145650048876          -1228.556777638192          -1228.376427028833
           0.147605083089          -1228.556886025439          -1228.376604575616
           0.149560117302          -1228.556995455083          -1228.376782961614
           0.151515151515          -1228.557105915355          -1228.376962173827
           0.153470185728          -1228.557217394487          -1228.377142199258
           0.155425219941          -1228.557329880709          -1228.377323024908
           0.157380254154          -1228.557443362254          -1228.377504637780
           0.159335288368          -1228.557557827351          -1228.377687024873
           0.161290322581          -1228.557673264233          -1228.377870173191
           0.163245356794          -1228.557789661131          -1228.378054069736
           0.165200391007          -1228.557907006276          -1228.378238701508
           0.167155425220          -1228.558025287899          -1228.378424055509
           0.169110459433          -1228.558144494232          -1228.378610118741
           0.171065493646          -1228.558264613505          -1228.378796878206
           0.173020527859          -1228.558385633950          -1228.378984320905
           0.174975562072          -1228.558507543799          -1228.379172433841
           0.176930596285          -1228.558630331282          -1228.379361204014
           0.178885630499          -1228.558753984631          -1228.379550618426
           0.180840664712          -1228.558878492078          -1228.379740664080
           0.182795698925          -1228.559003841852          -1228.379931327977
           0.184750733138          -1228.559130022185          -1228.380122597117
           0.186705767351          -1228.559257021310          -1228.380314458505
           0.188660801564          -1228.559384827457          -1228.380506899140
           0.190615835777          -1228.559513428857          -1228.380699906024
           0.192570869990          -1228.559642813742          -1228.380893466159
           0.194525904203          -1228.559772970342          -1228.381087566548
           0.196480938416          -1228.559903886890          -1228.381282194191
           0.198435972630          -1228.560035551615          -1228.381477336090
           0.200391006843          -1228.560167952751          -1228.381672979247
           0.202346041056          -1228.560301078527          -1228.381869110663
           0.204301075269          -1228.560434917176          -1228.382065717341
           0.206256109482          -1228.560569456927          -1228.382262786281
           0.208211143695          -1228.560704686014          -1228.382460304487
           0.210166177908          -1228.560840592666          -1228.382658258958
           0.212121212121          -1228.560977165115          -1228.382856636698
           0.214076246334          -1228.561114391593          -1228.383055424707
           0.216031280547          -1228.561252260330          -1228.383254609987
           0.217986314761          -1228.561390759543          -1228.383454179530
           0.219941348974          -1228.561529876327          -1228.383654119507
           0.221896383187          -1228.561669595897          -1228.383854414723
           0.223851417400          -1228.561809903292          -1228.384055049849
           0.225806451613          -1228.561950783548          -1228.384256009560
           0.227761485826          -1228.562092221702          -1228.384457278528
           0.229716520039          -1228.562234202793          -1228.384658841425
           0.231671554252          -1228.562376711857          -1228.384860682925
           0.233626588465          -1228.562519733931          -1228.385062787700
           0.235581622678          -1228.562663254053          -1228.385265140423
           0.237536656891          -1228.562807257260          -1228.385467725768
           0.239491691105          -1228.562951728589          -1228.385670528406
           0.241446725318          -1228.563096653078          -1228.385873533011
           0.243401759531          -1228.563242015764          -1228.386076724255
           0.245356793744          -1228.563387801684          -1228.386280086812
           0.247311827957          -1228.563533995875          -1228.386483605354
           0.249266862170          -1228.563680583375          -1228.386687264553
           0.251221896383          -1228.563827549220          -1228.386891049084
           0.253176930596          -1228.563974878450          -1228.387094943618
           0.255131964809          -1228.564122556099          -1228.387298932829
           0.257086999022          -1228.564270567206          -1228.387503001389
           0.259042033236          -1228.564418896809          -1228.387707133971
           0.260997067449          -1228.564567529944          -1228.387911315248
           0.262952101662          -1228.564716451648          -1228.388115529893
           0.264907135875          -1228.564865646959          -1228.388319762578
           0.266862170088          -1228.565015100914          -1228.388523997977
           0.268817204301          -1228.565164798551          -1228.388728220763
           0.270772238514          -1228.565314724906          -1228.388932415608
           0.272727272727          -1228.565464865018          -1228.389136567184
           0.274682306940          -1228.565615203922          -1228.389340660165
           0.276637341153          -1228.565765726657          -1228.389544679224
           0.278592375367          -1228.565916418260          -1228.389748609033
           0.280547409580          -1228.566067263768          -1228.389952434266
           0.282502443793          -1228.566218248218          -1228.390156139595
           0.284457478006          -1228.566369356648          -1228.390359709693
           0.286412512219          -1228.566520574095          -1228.390563129232
           0.288367546432          -1228.566671885596          -1228.390766382886
           0.290322580645          -1228.566823276188          -1228.390969455327
           0.292277614858          -1228.566974730909          -1228.391172331229
           0.294232649071          -1228.567126234796          -1228.391374995264
           0.296187683284          -1228.567277772887          -1228.391577432105
           0.298142717498          -1228.567429330217          -1228.391779626425
           0.300097751711          -1228.567580891826          -1228.391981562896
           0.302052785924          -1228.567732442750          -1228.392183226192
           0.304007820137          -1228.567883968026          -1228.392384600985
           0.305962854350          -1228.568035452528          -1228.392585671868
           0.307917888563          -1228.568186880014          -1228.392786422889
           0.309872922776          -1228.568338233780          -1228.392986837868
           0.311827956989          -1228.568489497118          -1228.393186900625
           0.313782991202          -1228.568640653321          -1228.393386594981
           0.315738025415          -1228.568791685683          -1228.393585904755
           0.317693059629          -1228.568942577496          -1228.393784813768
           0.319648093842          -1228.569093312053          -1228.393983305838
           0.321603128055          -1228.569243872648          -1228.394181364786
           0.323558162268          -1228.569394242573          -1228.394378974433
           0.325513196481          -1228.569544405122          -1228.394576118597
           0.327468230694          -1228.569694343587          -1228.394772781099
           0.329423264907          -1228.569844041262          -1228.394968945760
           0.331378299120          -1228.569993481439          -1228.395164596398
           0.333333333333          -1228.570142647412          -1228.395359716833
           0.335288367546          -1228.570291522474          -1228.395554290887
           0.337243401760          -1228.570440089918          -1228.395748302378
           0.339198435973          -1228.570588333037          -1228.395941735127
           0.341153470186          -1228.570736235123          -1228.396134572953
           0.343108504399          -1228.570883779470          -1228.396326799677
           0.345063538612          -1228.571030949371          -1228.396518399118
           0.347018572825          -1228.571177728119          -1228.396709355097
           0.348973607038          -1228.571324099007          -1228.396899651433
           0.350928641251          -1228.571470045328          -1228.397089271946
           0.352883675464          -1228.571615550375          -1228.397278200456
           0.354838709677          -1228.571760597441          -1228.397466420784
           0.356793743891          -1228.571905169819          -1228.397653916749
           0.358748778104          -1228.572049250802          -1228.397840672170
           0.360703812317          -1228.572192823684          -1228.398026670869
           0.362658846530          -1228.572335871756          -1228.398211896665
           0.364613880743          -1228.572478378314          -1228.398396333378
           0.366568914956          -1228.572620326648          -1228.398579964827
           0.368523949169          -1228.572761700053          -1228.398762774834
           0.370478983382          -1228.572902481821          -1228.398944747217
           0.372434017595          -1228.573042655245          -1228.399125865797
           0.374389051808          -1228.573182203620          -1228.399306114393
           0.376344086022          -1228.573321110236          -1228.399485476826
           0.378299120235          -1228.573459358388          -1228.399663936916
           0.380254154448          -1228.573596931369          -1228.399841478482
           0.382209188661          -1228.573733812472          -1228.400018085344
           0.384164222874          -1228.573869984989          -1228.400193741323
           0.386119257087          -1228.574005432214          -1228.400368430238
           0.388074291300          -1228.574140137439          -1228.400542135910
           0.390029325513          -1228.574274083958          -1228.400714842157
           0.391984359726          -1228.574407255065          -1228.400886532805
           0.393939393939          -1228.574539634103          -1228.401057191896
           0.395894428152          -1228.574671204489          -1228.401226803798
           0.397849462366          -1228.574801949645          -1228.401395352906
           0.399804496579          -1228.574931852994          -1228.401562823616
           0.401759530792          -1228.575060897959          -1228.401729200322
           0.403714565005          -1228.575189067961          -1228.401894467420
           0.405669599218          -1228.575316346425          -1228.402058609305
           0.407624633431          -1228.575442716773          -1228.402221610371
           0.409579667644          -1228.575568162427          -1228.402383455013
           0.411534701857          -1228.575692666810          -1228.402544127628
           0.413489736070          -1228.575816213345          -1228.402703612609
           0.415444770283          -1228.575938785455          -1228.402861894353
           0.417399804497          -1228.576060366561          -1228.403018957253
           0.419354838710          -1228.576180940087          -1228.403174785705
           0.421309872923          -1228.576300489456          -1228.403329364104
           0.423264907136          -1228.576418998090          -1228.403482676846
           0.425219941349          -1228.576536449411          -1228.403634708324
           0.427174975562          -1228.576652826843          -1228.403785442935
           0.429130009775          -1228.576768113809          -1228.403934865073
           0.431085043988          -1228.576882293730          -1228.404082959134
           0.433040078201          -1228.576995350029          -1228.404229709512
           0.434995112414          -1228.577107266130          -1228.404375100602
           0.436950146628          -1228.577218025455          -1228.404519116800
           0.438905180841          -1228.577327611426          -1228.404661742500
           0.440860215054          -1228.577436007466          -1228.404802962098
           0.442815249267          -1228.577543196998          -1228.404942759989
           0.444770283480          -1228.577649163444          -1228.405081120568
           0.446725317693          -1228.577753890229          -1228.405218028229
           0.448680351906          -1228.577857360772          -1228.405353467368
           0.450635386119          -1228.577959558499          -1228.405487422380
           0.452590420332          -1228.578060466831          -1228.405619877661
           0.454545454545          -1228.578160069190          -1228.405750817604
           0.456500488759          -1228.578258349000          -1228.405880226605
           0.458455522972          -1228.578355289684          -1228.406008089060
           0.460410557185          -1228.578450874664          -1228.406134389362
           0.462365591398          -1228.578545087362          -1228.406259111909
           0.464320625611          -1228.578637911201          -1228.406382241093
           0.466275659824          -1228.578729329605          -1228.406503761311
           0.468230694037          -1228.578819325995          -1228.406623656957
           0.470185728250          -1228.578907883794          -1228.406741912426
           0.472140762463          -1228.578994986426          -1228.406858512115
           0.474095796676          -1228.579080617313          -1228.406973440417
           0.476050830890          -1228.579164759876          -1228.407086681727
           0.478005865103          -1228.579247397540          -1228.407198220442
           0.479960899316          -1228.579328514000          -1228.407308041220
           0.481915933529          -1228.579408094576          -1228.407416130301
           0.483870967742          -1228.579486125187          -1228.407522474501
           0.485826001955          -1228.579562591751          -1228.407627060639
           0.487781036168          -1228.579637480187          -1228.407729875535
           0.489736070381          -1228.579710776413          -1228.407830906004
           0.491691104594          -1228.579782466348          -1228.407930138868
           0.493646138807          -1228.579852535911          -1228.408027560943
           0.495601173021          -1228.579920971020          -1228.408123159050
           0.497556207234          -1228.579987757594          -1228.408216920005
           0.499511241447          -1228.580052881552          -1228.408308830628
           0.501466275660          -1228.580116328813          -1228.408398877737
           0.503421309873          -1228.580178085294          -1228.408487048150
           0.505376344086          -1228.580238136916          -1228.408573328687
           0.507331378299          -1228.580296469596          -1228.408657706166
           0.509286412512          -1228.580353069253          -1228.408740167404
           0.511241446725          -1228.580407921806          -1228.408820699221
           0.513196480938          -1228.580461013174          -1228.408899288436
           0.515151515152          -1228.580512329275          -1228.408975921866
           0.517106549365          -1228.580561856027          -1228.409050586330
           0.519061583578          -1228.580609579350          -1228.409123268647
           0.521016617791          -1228.580655485163          -1228.409193955635
           0.522971652004          -1228.580699559383          -1228.409262634113
           0.524926686217          -1228.580741787930          -1228.409329290899
           0.526881720430          -1228.580782156723          -1228.409393912811
           0.528836754643          -1228.580820651679          -1228.409456486669
           0.530791788856          -1228.580857258718          -1228.409516999290
           0.532746823069          -1228.580891963758          -1228.409575437495
           0.534701857283          -1228.580924752718          -1228.409631788099
           0.536656891496          -1228.580955611517          -1228.409686037923
           0.538611925709          -1228.580984526073          -1228.409738173784
           0.540566959922          -1228.581011482305          -1228.409788182502
           0.542521994135          -1228.581036466132          -1228.409836050895
           0.544477028348          -1228.581059463472          -1228.409881765780
           0.546432062561          -1228.581080460244          -1228.409925313978
           0.548387096774          -1228.581099442367          -1228.409966682306
           0.550342130987          -1228.581116395760          -1228.410005857583
           0.552297165200          -1228.581131306340          -1228.410042826627
           0.554252199413          -1228.581144160028          -1228.410077576257
           0.556207233627          -1228.581154942740          -1228.410110093291
           0.558162267840          -1228.581163640397          -1228.410140364547
           0.560117302053          -1228.581170238917          -1228.410168376846
           0.562072336266          -1228.581174724218          -1228.410194117004
           0.564027370479          -1228.581177082219          -1228.410217571840
           0.565982404692          -1228.581177298895          -1228.410238728229
           0.567937438905          -1228.581175362508          -1228.410257575318
           0.569892473118          -1228.581171264361          -1228.410274105278
           0.571847507331          -1228.581164995963          -1228.410288310487
           0.573802541544          -1228.581156548828          -1228.410300183321
           0.575757575758          -1228.581145914466          -1228.410309716161
           0.577712609971          -1228.581133084390          -1228.410316901384
           0.579667644184          -1228.581118050110          -1228.410321731368
           0.581622678397          -1228.581100803140          -1228.410324198492
           0.583577712610          -1228.581081334990          -1228.410324295133
           0.585532746823          -1228.581059637171          -1228.410322013671
           0.587487781036          -1228.581035701196          -1228.410317346482
           0.589442815249          -1228.581009518577          -1228.410310285946
           0.591397849462          -1228.580981080824          -1228.410300824441
           0.593352883675          -1228.580950379449          -1228.410288954344
           0.595307917889          -1228.580917405965          -1228.410274668034
           0.597262952102          -1228.580882151883          -1228.410257957890
           0.599217986315          -1228.580844608713          -1228.410238816289
           0.601173020528          -1228.580804767969          -1228.410217235610
           0.603128054741          -1228.580762621162          -1228.410193208230
           0.605083088954          -1228.580718159802          -1228.410166726529
           0.607038123167          -1228.580671375403          -1228.410137782884
           0.608993157380          -1228.580622259476          -1228.410106369674
           0.610948191593          -1228.580570803531          -1228.410072479277
           0.612903225806          -1228.580516999082          -1228.410036104070
           0.614858260020          -1228.580460837638          -1228.409997236432
           0.616813294233          -1228.580402310713          -1228.409955868743
           0.618768328446          -1228.580341409818          -1228.409911993379
           0.620723362659          -1228.580278126464          -1228.409865602718
           0.622678396872          -1228.580212452163          -1228.409816689140
           0.624633431085          -1228.580144378427          -1228.409765245022
           0.626588465298          -1228.580073896767          -1228.409711262742
           0.628543499511          -1228.580000998695          -1228.409654734679
           0.630498533724          -1228.579925675723          -1228.409595653212
           0.632453567937          -1228.579847919362          -1228.409534010717
           0.634408602151          -1228.579767721123          -1228.409469799574
           0.636363636364          -1228.579685072519          -1228.409403012160
           0.638318670577          -1228.579599965062          -1228.409333640854
           0.640273704790          -1228.579512390262          -1228.409261678034
           0.642228739003          -1228.579422339631          -1228.409187116078
           0.644183773216          -1228.579329804682          -1228.409109947365
           0.646138807429          -1228.579234776925          -1228.409030164273
           0.648093841642          -1228.579137247872          -1228.408947759179
           0.650048875855          -1228.579037209036          -1228.408862724463
           0.652003910068          -1228.578934651927          -1228.408775052501
           0.653958944282          -1228.578829569172          -1228.408684736816
           0.655913978495          -1228.578721959192          -1228.408591776866
           0.657869012708          -1228.578611822285          -1228.408496174033
           0.659824046921          -1228.578499158750          -1228.408397929703
           0.661779081134          -1228.578383968888          -1228.408297045259
           0.663734115347          -1228.578266252996          -1228.408193522085
           0.665689149560          -1228.578146011375          -1228.408087361565
           0.667644183773          -1228.578023244324          -1228.407978565082
           0.669599217986          -1228.577897952141          -1228.407867134022
           0.671554252199          -1228.577770135127          -1228.407753069768
           0.673509286413          -1228.577639793580          -1228.407636373705
           0.675464320626          -1228.577506927800          -1228.407517047215
           0.677419354839          -1228.577371538086          -1228.407395091683
           0.679374389052          -1228.577233624738          -1228.407270508493
           0.681329423265          -1228.577093188054          -1228.407143299029
           0.683284457478          -1228.576950228333          -1228.407013464676
           0.685239491691          -1228.576804745876          -1228.406881006816
           0.687194525904          -1228.576656740982          -1228.406745926835
           0.689149560117          -1228.576506213949          -1228.406608226115
           0.691104594330          -1228.576353165078          -1228.406467906042
           0.693059628543          -1228.576197594666          -1228.406324967998
           0.695014662757          -1228.576039503014          -1228.406179413369
           0.696969696970          -1228.575878890421          -1228.406031243538
           0.698924731183          -1228.575715757186          -1228.405880459889
           0.700879765396          -1228.575550103609          -1228.405727063806
           0.702834799609          -1228.575381929988          -1228.405571056673
           0.704789833822          -1228.575211236623          -1228.405412439874
           0.706744868035          -1228.575038023813          -1228.405251214793
           0.708699902248          -1228.574862291859          -1228.405087382815
           0.710654936461          -1228.574684041057          -1228.404920945322
           0.712609970674          -1228.574503271709          -1228.404751903699
           0.714565004888          -1228.574319984114          -1228.404580259331
           0.716520039101          -1228.574134178569          -1228.404406013601
           0.718475073314          -1228.573945855376          -1228.404229167892
           0.720430107527          -1228.573755014834          -1228.404049723590
           0.722385141740          -1228.573561657240          -1228.403867682078
           0.724340175953          -1228.573365782896          -1228.403683044740
           0.726295210166          -1228.573167392099          -1228.403495812961
           0.728250244379          -1228.572966485150          -1228.403305988122
           0.730205278592          -1228.572763062347          -1228.403113571611
           0.732160312805          -1228.572557123990          -1228.402918564809
           0.734115347019          -1228.572348670379          -1228.402720969102
           0.736070381232          -1228.572137701812          -1228.402520785872
           0.738025415445          -1228.571924218588          -1228.402318016505
           0.739980449658          -1228.571708221163          -1228.402112662530
           0.741935483871          -1228.571489714954          -1228.401904730136
           0.743890518084          -1228.571268711255          -1228.401694231031
           0.745845552297          -1228.571045221706          -1228.401481177245
           0.747800586510          -1228.570819257941          -1228.401265580807
           0.749755620723          -1228.570590831599          -1228.401047453744
           0.751710654936          -1228.570359954317          -1228.400826808088
           0.753665689150          -1228.570126637731          -1228.400603655865
           0.755620723363          -1228.569890893480          -1228.400378009106
           0.757575757576          -1228.569652733199          -1228.400149879839
           0.759530791789          -1228.569412168526          -1228.399919280093
           0.761485826002          -1228.569169211098          -1228.399686221897
           0.763440860215          -1228.568923872552          -1228.399450717280
           0.765395894428          -1228.568676164525          -1228.399212778271
           0.767350928641          -1228.568426098655          -1228.398972416898
           0.769305962854          -1228.568173686577          -1228.398729645192
           0.771260997067          -1228.567918939930          -1228.398484475180
           0.773216031281          -1228.567661870351          -1228.398236918891
           0.775171065494          -1228.567402489476          -1228.397986988356
           0.777126099707          -1228.567140808942          -1228.397734695601
           0.779081133920          -1228.566876840387          -1228.397480052658
           0.781036168133          -1228.566610595448          -1228.397223071553
           0.782991202346          -1228.566342085761          -1228.396963764316
           0.784946236559          -1228.566071322965          -1228.396702142978
           0.786901270772          -1228.565798318695          -1228.396438219564
           0.788856304985          -1228.565523084589          -1228.396172006107
           0.790811339198          -1228.565245632284          -1228.395903514633
           0.792766373412          -1228.564965973417          -1228.395632757172
           0.794721407625          -1228.564684119626          -1228.395359745752
           0.796676441838          -1228.564400082546          -1228.395084492404
           0.798631476051          -1228.564113873816          -1228.394807009155
           0.800586510264          -1228.563825505073          -1228.394527308035
           0.802541544477          -1228.563534987952          -1228.394245401073
           0.804496578690          -1228.563242334093          -1228.393961300297
           0.806451612903          -1228.562947555131          -1228.393675017736
           0.808406647116          -1228.562650662703          -1228.393386565420
           0.810361681329          -1228.562351668447          -1228.393095955377
           0.812316715543          -1228.562050584000          -1228.392803199637
           0.814271749756          -1228.561747420999          -1228.392508310227
           0.816226783969          -1228.561442191081          -1228.392211299178
           0.818181818182          -1228.561134905883          -1228.391912178517
           0.820136852395          -1228.560825577042          -1228.391610960275
           0.822091886608          -1228.560514216195          -1228.391307656480
           0.824046920821          -1228.560200834979          -1228.391002279160
           0.826001955034          -1228.559885445032          -1228.390694840345
           0.827956989247          -1228.559568058660          -1228.390385352719
           0.829912023460          -1228.559248691227          -1228.390073831959
           0.831867057674          -1228.558927358966          -1228.389760294590
           0.833822091887          -1228.558604078110          -1228.389444757140
           0.835777126100          -1228.558278864893          -1228.389127236136
           0.837732160313          -1228.557951735548          -1228.388807748104
           0.839687194526          -1228.557622706308          -1228.388486309570
           0.841642228739          -1228.557291793407          -1228.388162937063
           0.843597262952          -1228.556959013078          -1228.387837647109
           0.845552297165          -1228.556624381554          -1228.387510456234
           0.847507331378          -1228.556287915069          -1228.387181380966
           0.849462365591          -1228.555949629855          -1228.386850437832
           0.851417399804          -1228.555609542147          -1228.386517643358
           0.853372434018          -1228.555267668177          -1228.386183014071
           0.855327468231          -1228.554924024179          -1228.385846566498
           0.857282502444          -1228.554578626386          -1228.385508317166
           0.859237536657          -1228.554231491031          -1228.385168282601
           0.861192570870          -1228.553882634348          -1228.384826479332
           0.863147605083          -1228.553532072570          -1228.384482923883
           0.865102639296          -1228.553179821931          -1228.384137632783
           0.867057673509          -1228.552825898663          -1228.383790622558
           0.869012707722          -1228.552470319000          -1228.383441909735
           0.870967741935          -1228.552113099175          -1228.383091510841
           0.872922776149          -1228.551754255422          -1228.382739442403
           0.874877810362          -1228.551393803974          -1228.382385720948
           0.876832844575          -1228.551031761064          -1228.382030363001
           0.878787878788          -1228.550668142926          -1228.381673385092
           0.880742913001          -1228.550302965793          -1228.381314803745
           0.882697947214          -1228.549936245897          -1228.380954635488
           0.884652981427          -1228.549567999474          -1228.380592896848
           0.886608015640          -1228.549198242755          -1228.380229604353
           0.888563049853          -1228.548826991974          -1228.379864774527
           0.890518084066          -1228.548454263365          -1228.379498423899
           0.892473118280          -1228.548080073160          -1228.379130568995
           0.894428152493          -1228.547704437594          -1228.378761226343
           0.896383186706          -1228.547327372898          -1228.378390412468
           0.898338220919          -1228.546948895308          -1228.378018143899
           0.900293255132          -1228.546569021055          -1228.377644437161
           0.902248289345          -1228.546187766374          -1228.377269308782
           0.904203323558          -1228.545805147497          -1228.376892775288
           0.906158357771          -1228.545421180659          -1228.376514853207
           0.908113391984          -1228.545035882091          -1228.376135559064
           0.910068426197          -1228.544649268028          -1228.375754909388
           0.912023460411          -1228.544261354703          -1228.375372920705
           0.913978494624          -1228.543872158838          -1228.374989610049
           0.915933528837          -1228.543481709609          -1228.374605007389
           0.917888563050          -1228.543090049369          -1228.374219156380
           0.919843597263          -1228.542697221100          -1228.373832101328
           0.921798631476          -1228.542303267787          -1228.373443886543
           0.923753665689          -1228.541908232413          -1228.373054556335
           0.925708699902          -1228.541512157961          -1228.372664155011
           0.927663734115          -1228.541115087416          -1228.372272726881
           0.929618768328          -1228.540717063759          -1228.371880316254
           0.931573802542          -1228.540318129977          -1228.371486967437
           0.933528836755          -1228.539918329051          -1228.371092724741
           0.935483870968          -1228.539517703965          -1228.370697632475
           0.937438905181          -1228.539116297703          -1228.370301734946
           0.939393939394          -1228.538714153248          -1228.369905076464
           0.941348973607          -1228.538311313585          -1228.369507701339
           0.943304007820          -1228.537907821696          -1228.369109653877
           0.945259042033          -1228.537503720565          -1228.368710978389
           0.947214076246          -1228.537099053176          -1228.368311719184
           0.949169110459          -1228.536693862512          -1228.367911920570
           0.951124144673          -1228.536288191557          -1228.367511626856
           0.953079178886          -1228.535882083295          -1228.367110882351
           0.955034213099          -1228.535475580709          -1228.366709731364
           0.956989247312          -1228.535068726782          -1228.366308218203
           0.958944281525          -1228.534661564498          -1228.365906387179
           0.960899315738          -1228.534254136841          -1228.365504282599
           0.962854349951          -1228.533846486794          -1228.365101948772
           0.964809384164          -1228.533438657341          -1228.364699430007
           0.966764418377          -1228.533030691465          -1228.364296770614
           0.968719452590          -1228.532622632151          -1228.363894014900
           0.970674486804          -1228.532214522381          -1228.363491207175
           0.972629521017          -1228.531806405139          -1228.363088391749
           0.974584555230          -1228.531398323409          -1228.362685612928
           0.976539589443          -1228.530990320174          -1228.362282915023
           0.978494623656          -1228.530582438417          -1228.361880342343
           0.980449657869          -1228.530174721123          -1228.361477939195
           0.982404692082          -1228.529767211276          -1228.361075749890
           0.984359726295          -1228.529359951857          -1228.360673818736
           0.986314760508          -1228.528952985852          -1228.360272190041
           0.988269794721          -1228.528546356243          -1228.359870908115
           0.990224828935          -1228.528140106014          -1228.359470017267
           0.992179863148          -1228.527734278150          -1228.359069561806
           0.994134897361          -1228.527328915632          -1228.358669586039
           0.996089931574          -1228.526924061446          -1228.358270134277
           0.998044965787          -1228.526519758574          -1228.357871250827
           1.000000000000          -1228.526116050000          -1228.357472980000
