          -1.000000000000           -999.655383301000           -999.449934872000
          -0.998044965787           -999.667177540398           -999.461746988847
          -0.996089931574           -999.679065451396           -999.473652785884
          -0.994134897361           -999.691040259044           -999.485645487538
          -0.992179863148           -999.703095188392           -999.497718318239
          -0.990224828935           -999.715223464490           -999.509864502415
          -0.988269794721           -999.727418312388           -999.522077264495
          -0.986314760508           -999.739672957136           -999.534349828909
          -0.984359726295           -999.751980623784           -999.546675420084
          -0.982404692082           -999.764334537382           -999.559047262450
          -0.980449657869           -999.776727922981           -999.571458580435
          -0.978494623656           -999.789154005629           -999.583902598469
          -0.976539589443           -999.801606010378           -999.596372540980
          -0.974584555230           -999.814077162277           -999.608861632397
          -0.972629521017           -999.826560686376           -999.621363097148
          -0.970674486804           -999.839049807725           -999.633870159663
          -0.968719452590           -999.851537751375           -999.646376044370
          -0.966764418377           -999.864017742375           -999.658873975698
          -0.964809384164           -999.876483005775           -999.671357178076
          -0.962854349951           -999.888926766626           -999.683818875933
          -0.960899315738           -999.901342249977           -999.696252293698
          -0.958944281525           -999.913722680879           -999.708650655798
          -0.956989247312           -999.926061284380           -999.721007186664
          -0.955034213099           -999.938351285533           -999.733315110724
          -0.953079178886           -999.950585909386           -999.745567652406
          -0.951124144673           -999.962758380989           -999.757758036140
          -0.949169110459           -999.974861925393           -999.769879486355
          -0.947214076246           -999.986889767647           -999.781925227478
          -0.945259042033           -999.998835132803           -999.793888483940
          -0.943304007820          -1000.010691245908           -999.805762480168
          -0.941348973607          -1000.022451332014           -999.817540440592
          -0.939393939394          -1000.034108616172           -999.829215589641
          -0.937438905181          -1000.045656323429           -999.840781151742
          -0.935483870968          -1000.057087678838           -999.852230351326
          -0.933528836755          -1000.068395907447           -999.863556412820
          -0.931573802542          -1000.079574234307           -999.874752560654
          -0.929618768328          -1000.090615884467           -999.885812019256
          -0.927663734115          -1000.101514082979           -999.896728013056
          -0.925708699902          -1000.112262054891           -999.907493766481
          -0.923753665689          -1000.122853025254           -999.918102503962
          -0.921798631476          -1000.133280219118           -999.928547449926
          -0.919843597263          -1000.143536861533           -999.938821828803
          -0.917888563050          -1000.153616177549           -999.948918865020
          -0.915933528837          -1000.163511392216           -999.958831783008
          -0.913978494624          -1000.173215730584           -999.968553807195
          -0.912023460411          -1000.182722663301           -999.978078407642
          -0.910068426197          -1000.192030778010           -999.987404172123
          -0.908113391984          -1000.201143500288           -999.996534527025
          -0.906158357771          -1000.210064445441          -1000.005473088490
          -0.904203323558          -1000.218797228776          -1000.014223472662
          -0.902248289345          -1000.227345465598          -1000.022789295682
          -0.900293255132          -1000.235712771215          -1000.031174173694
          -0.898338220919          -1000.243902760932          -1000.039381722841
          -0.896383186706          -1000.251919050056          -1000.047415559264
          -0.894428152493          -1000.259765253893          -1000.055279299106
          -0.892473118280          -1000.267444987750          -1000.062976558511
          -0.890518084066          -1000.274961866932          -1000.070510953621
          -0.888563049853          -1000.282319506747          -1000.077886100578
          -0.886608015640          -1000.289521522500          -1000.085105615526
          -0.884652981427          -1000.296571529498          -1000.092173114607
          -0.882697947214          -1000.303473143047          -1000.099092213963
          -0.880742913001          -1000.310229978453          -1000.105866529738
          -0.878787878788          -1000.316845651023          -1000.112499678073
          -0.876832844575          -1000.323323776063          -1000.118995275113
          -0.874877810362          -1000.329667968879          -1000.125356936998
          -0.872922776149          -1000.335881844779          -1000.131588279873
          -0.870967741935          -1000.341969019067          -1000.137692919880
          -0.869012707722          -1000.347933107050          -1000.143674473160
          -0.867057673509          -1000.353777724036          -1000.149536555858
          -0.865102639296          -1000.359506485329          -1000.155282784116
          -0.863147605083          -1000.365123006237          -1000.160916774076
          -0.861192570870          -1000.370630902065          -1000.166442141882
          -0.859237536657          -1000.376033788120          -1000.171862503675
          -0.857282502444          -1000.381335279709          -1000.177181475598
          -0.855327468231          -1000.386538992137          -1000.182402673795
          -0.853372434018          -1000.391648540711          -1000.187529714408
          -0.851417399804          -1000.396667540737          -1000.192566213579
          -0.849462365591          -1000.401599607522          -1000.197515787451
          -0.847507331378          -1000.406448356372          -1000.202382052168
          -0.845552297165          -1000.411217402593          -1000.207168623871
          -0.843597262952          -1000.415910361492          -1000.211879118703
          -0.841642228739          -1000.420530848375          -1000.216517152807
          -0.839687194526          -1000.425082478548          -1000.221086342326
          -0.837732160313          -1000.429568867317          -1000.225590303402
          -0.835777126100          -1000.433993629989          -1000.230032652178
          -0.833822091887          -1000.438360381871          -1000.234417004796
          -0.831867057674          -1000.442672738268          -1000.238746977400
          -0.829912023460          -1000.446934314486          -1000.243026186132
          -0.827956989247          -1000.451148725833          -1000.247258247135
          -0.826001955034          -1000.455319587565          -1000.251446776501
          -0.824046920821          -1000.459449825956          -1000.255594701299
          -0.822091886608          -1000.463539947878          -1000.259702529044
          -0.820136852395          -1000.467589929430          -1000.263770236444
          -0.818181818182          -1000.471599746710          -1000.267797800209
          -0.816226783969          -1000.475569375816          -1000.271785197046
          -0.814271749756          -1000.479498792847          -1000.275732403663
          -0.812316715543          -1000.483387973900          -1000.279639396770
          -0.810361681329          -1000.487236895074          -1000.283506153074
          -0.808406647116          -1000.491045532467          -1000.287332649284
          -0.806451612903          -1000.494813862177          -1000.291118862108
          -0.804496578690          -1000.498541860303          -1000.294864768255
          -0.802541544477          -1000.502229502941          -1000.298570344433
          -0.800586510264          -1000.505876766192          -1000.302235567349
          -0.798631476051          -1000.509483626153          -1000.305860413714
          -0.796676441838          -1000.513050058921          -1000.309444860235
          -0.794721407625          -1000.516576040596          -1000.312988883620
          -0.792766373412          -1000.520061547276          -1000.316492460578
          -0.790811339198          -1000.523506555058          -1000.319955567817
          -0.788856304985          -1000.526911040041          -1000.323378182046
          -0.786901270772          -1000.530274978323          -1000.326760279972
          -0.784946236559          -1000.533598346002          -1000.330101838305
          -0.782991202346          -1000.536881119176          -1000.333402833752
          -0.781036168133          -1000.540123273944          -1000.336663243023
          -0.779081133920          -1000.543324786404          -1000.339883042825
          -0.777126099707          -1000.546485632655          -1000.343062209866
          -0.775171065494          -1000.549605788793          -1000.346200720856
          -0.773216031281          -1000.552685230917          -1000.349298552502
          -0.771260997067          -1000.555723935126          -1000.352355681513
          -0.769305962854          -1000.558721877518          -1000.355372084598
          -0.767350928641          -1000.561679034191          -1000.358347738464
          -0.765395894428          -1000.564595381243          -1000.361282619820
          -0.763440860215          -1000.567470894772          -1000.364176705374
          -0.761485826002          -1000.570305550877          -1000.367029971836
          -0.759530791789          -1000.573099325655          -1000.369842395912
          -0.757575757576          -1000.575852195205          -1000.372613954312
          -0.755620723363          -1000.578564135626          -1000.375344623743
          -0.753665689150          -1000.581235123014          -1000.378034380915
          -0.751710654936          -1000.583865133470          -1000.380683202535
          -0.749755620723          -1000.586454143089          -1000.383291065313
          -0.747800586510          -1000.589002127972          -1000.385857945956
          -0.745845552297          -1000.591509064216          -1000.388383821172
          -0.743890518084          -1000.593974927918          -1000.390868667670
          -0.741935483871          -1000.596399695179          -1000.393312462159
          -0.739980449658          -1000.598783342094          -1000.395715181347
          -0.738025415445          -1000.601125861259          -1000.398076818435
          -0.736070381232          -1000.603427529837          -1000.400397651149
          -0.734115347019          -1000.605688865137          -1000.402678197321
          -0.732160312805          -1000.607910391993          -1000.404918982310
          -0.730205278592          -1000.610092635242          -1000.407120531474
          -0.728250244379          -1000.612236119718          -1000.409283370170
          -0.726295210166          -1000.614341370258          -1000.411408023758
          -0.724340175953          -1000.616408911695          -1000.413495017595
          -0.722385141740          -1000.618439268868          -1000.415544877040
          -0.720430107527          -1000.620432966609          -1000.417558127451
          -0.718475073314          -1000.622390529755          -1000.419535294186
          -0.716520039101          -1000.624312483142          -1000.421476902603
          -0.714565004888          -1000.626199351605          -1000.423383478061
          -0.712609970674          -1000.628051659979          -1000.425255545918
          -0.710654936461          -1000.629869933100          -1000.427093631532
          -0.708699902248          -1000.631654695803          -1000.428898260261
          -0.706744868035          -1000.633406472924          -1000.430669957464
          -0.704789833822          -1000.635125789298          -1000.432409248498
          -0.702834799609          -1000.636813169761          -1000.434116658722
          -0.700879765396          -1000.638469139148          -1000.435792713495
          -0.698924731183          -1000.640094222294          -1000.437437938175
          -0.696969696970          -1000.641688944036          -1000.439052858119
          -0.695014662757          -1000.643253829208          -1000.440637998686
          -0.693059628543          -1000.644789402646          -1000.442193885234
          -0.691104594330          -1000.646296189185          -1000.443721043122
          -0.689149560117          -1000.647774713662          -1000.445219997707
          -0.687194525904          -1000.649225500910          -1000.446691274348
          -0.685239491691          -1000.650649075767          -1000.448135398404
          -0.683284457478          -1000.652045963067          -1000.449552895232
          -0.681329423265          -1000.653416687645          -1000.450944290190
          -0.679374389052          -1000.654761774338          -1000.452310108638
          -0.677419354839          -1000.656081747981          -1000.453650875932
          -0.675464320626          -1000.657377133408          -1000.454967117432
          -0.673509286413          -1000.658648455457          -1000.456259358495
          -0.671554252199          -1000.659896238961          -1000.457528124481
          -0.669599217986          -1000.661121008757          -1000.458773940746
          -0.667644183773          -1000.662323289680          -1000.459997332650
          -0.665689149560          -1000.663503606565          -1000.461198825550
          -0.663734115347          -1000.664662484249          -1000.462378944805
          -0.661779081134          -1000.665800447565          -1000.463538215773
          -0.659824046921          -1000.666918021351          -1000.464677163812
          -0.657869012708          -1000.668015730441          -1000.465796314281
          -0.655913978495          -1000.669094099670          -1000.466896192537
          -0.653958944282          -1000.670153653875          -1000.467977323940
          -0.652003910068          -1000.671194917850          -1000.469040233806
          -0.650048875855          -1000.672218337389          -1000.470085368526
          -0.648093841642          -1000.673224114419          -1000.471112930849
          -0.646138807429          -1000.674212403959          -1000.472123076660
          -0.644183773216          -1000.675183361028          -1000.473115961846
          -0.642228739003          -1000.676137140646          -1000.474091742292
          -0.640273704790          -1000.677073897831          -1000.475050573882
          -0.638318670577          -1000.677993787603          -1000.475992612502
          -0.636363636364          -1000.678896964981          -1000.476918014038
          -0.634408602151          -1000.679783584983          -1000.477826934376
          -0.632453567937          -1000.680653802630          -1000.478719529399
          -0.630498533724          -1000.681507772941          -1000.479595954995
          -0.628543499511          -1000.682345650933          -1000.480456367048
          -0.626588465298          -1000.683167591628          -1000.481300921443
          -0.624633431085          -1000.683973750043          -1000.482129774066
          -0.622678396872          -1000.684764281198          -1000.482943080803
          -0.620723362659          -1000.685539340113          -1000.483740997539
          -0.618768328446          -1000.686299081805          -1000.484523680159
          -0.616813294233          -1000.687043661295          -1000.485291284548
          -0.614858260020          -1000.687773233602          -1000.486043966592
          -0.612903225806          -1000.688487953744          -1000.486781882177
          -0.610948191593          -1000.689187976742          -1000.487505187188
          -0.608993157380          -1000.689873457613          -1000.488214037509
          -0.607038123167          -1000.690544551377          -1000.488908589027
          -0.605083088954          -1000.691201413054          -1000.489588997627
          -0.603128054741          -1000.691844197662          -1000.490255419195
          -0.601173020528          -1000.692473060221          -1000.490908009615
          -0.599217986315          -1000.693088155750          -1000.491546924773
          -0.597262952102          -1000.693689639268          -1000.492172320555
          -0.595307917889          -1000.694277665794          -1000.492784352846
          -0.593352883675          -1000.694852390347          -1000.493383177531
          -0.591397849462          -1000.695413967947          -1000.493968950495
          -0.589442815249          -1000.695962553612          -1000.494541827625
          -0.587487781036          -1000.696498302362          -1000.495101964805
          -0.585532746823          -1000.697021369216          -1000.495649517921
          -0.583577712610          -1000.697531909193          -1000.496184642858
          -0.581622678397          -1000.698030077312          -1000.496707495502
          -0.579667644184          -1000.698516028593          -1000.497218231737
          -0.577712609971          -1000.698989918054          -1000.497717007451
          -0.575757575758          -1000.699451900714          -1000.498203978527
          -0.573802541544          -1000.699902131594          -1000.498679300851
          -0.571847507331          -1000.700340765712          -1000.499143130309
          -0.569892473118          -1000.700767958087          -1000.499595622785
          -0.567937438905          -1000.701183863737          -1000.500036934166
          -0.565982404692          -1000.701588637684          -1000.500467220337
          -0.564027370479          -1000.701982434047          -1000.500886636317
          -0.562072336266          -1000.702365393946          -1000.501295324594
          -0.560117302053          -1000.702737648713          -1000.501693418223
          -0.558162267840          -1000.703099329444          -1000.502081050028
          -0.556207233627          -1000.703450567232          -1000.502458352833
          -0.554252199413          -1000.703791493170          -1000.502825459461
          -0.552297165200          -1000.704122238353          -1000.503182502737
          -0.550342130987          -1000.704442933874          -1000.503529615485
          -0.548387096774          -1000.704753710827          -1000.503866930529
          -0.546432062561          -1000.705054700306          -1000.504194580692
          -0.544477028348          -1000.705346033405          -1000.504512698799
          -0.542521994135          -1000.705627841217          -1000.504821417674
          -0.540566959922          -1000.705900254837          -1000.505120870141
          -0.538611925709          -1000.706163405358          -1000.505411189024
          -0.536656891496          -1000.706417423874          -1000.505692507146
          -0.534701857283          -1000.706662441479          -1000.505964957332
          -0.532746823069          -1000.706898589267          -1000.506228672406
          -0.530791788856          -1000.707125998331          -1000.506483785191
          -0.528836754643          -1000.707344799766          -1000.506730428513
          -0.526881720430          -1000.707555124665          -1000.506968735194
          -0.524926686217          -1000.707757104121          -1000.507198838059
          -0.522971652004          -1000.707950869230          -1000.507420869932
          -0.521016617791          -1000.708136551084          -1000.507634963636
          -0.519061583578          -1000.708314280778          -1000.507841251997
          -0.517106549365          -1000.708484189405          -1000.508039867837
          -0.515151515152          -1000.708646408059          -1000.508230943980
          -0.513196480938          -1000.708801067834          -1000.508414613252
          -0.511241446725          -1000.708948299824          -1000.508591008475
          -0.509286412512          -1000.709088235123          -1000.508760262475
          -0.507331378299          -1000.709221004824          -1000.508922508074
          -0.505376344086          -1000.709346740021          -1000.509077878096
          -0.503421309873          -1000.709465571809          -1000.509226505367
          -0.501466275660          -1000.709577631280          -1000.509368522709
          -0.499511241447          -1000.709683049530          -1000.509504062947
          -0.497556207234          -1000.709781957650          -1000.509633258905
          -0.495601173021          -1000.709874486736          -1000.509756243406
          -0.493646138807          -1000.709960767882          -1000.509873149276
          -0.491691104594          -1000.710040932180          -1000.509984109337
          -0.489736070381          -1000.710115110725          -1000.510089256413
          -0.487781036168          -1000.710183434612          -1000.510188723330
          -0.485826001955          -1000.710246034932          -1000.510282642911
          -0.483870967742          -1000.710303042781          -1000.510371147979
          -0.481915933529          -1000.710354589252          -1000.510454371358
          -0.479960899316          -1000.710400805439          -1000.510532445874
          -0.478005865103          -1000.710441822413          -1000.510605504326
          -0.476050830890          -1000.710477755965          -1000.510673664223
          -0.474095796676          -1000.710508680351          -1000.510737001498
          -0.472140762463          -1000.710534662830          -1000.510795585083
          -0.470185728250          -1000.710555770662          -1000.510849483910
          -0.468230694037          -1000.710572071107          -1000.510898766910
          -0.466275659824          -1000.710583631424          -1000.510943503016
          -0.464320625611          -1000.710590518874          -1000.510983761160
          -0.462365591398          -1000.710592800716          -1000.511019610273
          -0.460410557185          -1000.710590544211          -1000.511051119288
          -0.458455522972          -1000.710583816618          -1000.511078357137
          -0.456500488759          -1000.710572685197          -1000.511101392751
          -0.454545454545          -1000.710557217207          -1000.511120295063
          -0.452590420332          -1000.710537479910          -1000.511135133004
          -0.450635386119          -1000.710513540564          -1000.511145975507
          -0.448680351906          -1000.710485466430          -1000.511152891504
          -0.446725317693          -1000.710453324767          -1000.511155949926
          -0.444770283480          -1000.710417182836          -1000.511155219705
          -0.442815249267          -1000.710377107895          -1000.511150769774
          -0.440860215054          -1000.710333167206          -1000.511142669065
          -0.438905180841          -1000.710285428028          -1000.511130986509
          -0.436950146628          -1000.710233957621          -1000.511115791038
          -0.434995112414          -1000.710178823245          -1000.511097151585
          -0.433040078201          -1000.710120092158          -1000.511075137081
          -0.431085043988          -1000.710057831623          -1000.511049816459
          -0.429130009775          -1000.709992108898          -1000.511021258650
          -0.427174975562          -1000.709922991243          -1000.510989532587
          -0.425219941349          -1000.709850545919          -1000.510954707200
          -0.423264907136          -1000.709774840184          -1000.510916851424
          -0.421309872923          -1000.709695941300          -1000.510876034188
          -0.419354838710          -1000.709613916525          -1000.510832324426
          -0.417399804497          -1000.709528833120          -1000.510785791069
          -0.415444770283          -1000.709440758344          -1000.510736503050
          -0.413489736070          -1000.709349759458          -1000.510684529299
          -0.411534701857          -1000.709255903721          -1000.510629938750
          -0.409579667644          -1000.709159258393          -1000.510572800335
          -0.407624633431          -1000.709059890735          -1000.510513182984
          -0.405669599218          -1000.708957868005          -1000.510451155631
          -0.403714565005          -1000.708853257464          -1000.510386787207
          -0.401759530792          -1000.708746126372          -1000.510320146644
          -0.399804496579          -1000.708636541989          -1000.510251302874
          -0.397849462366          -1000.708524571574          -1000.510180324829
          -0.395894428152          -1000.708410282387          -1000.510107281442
          -0.393939393939          -1000.708293741689          -1000.510032241644
          -0.391984359726          -1000.708175016738          -1000.509955274366
          -0.390029325513          -1000.708054173678          -1000.509876447375
          -0.388074291300          -1000.707931264931          -1000.509795814122
          -0.386119257087          -1000.707806333720          -1000.509713418453
          -0.384164222874          -1000.707679423097          -1000.509629304040
          -0.382209188661          -1000.707550576112          -1000.509543514553
          -0.380254154448          -1000.707419835818          -1000.509456093663
          -0.378299120235          -1000.707287245265          -1000.509367085040
          -0.376344086022          -1000.707152847506          -1000.509276532355
          -0.374389051808          -1000.707016685592          -1000.509184479278
          -0.372434017595          -1000.706878802574          -1000.509090969480
          -0.370478983382          -1000.706739241505          -1000.508996046630
          -0.368523949169          -1000.706598045435          -1000.508899754401
          -0.366568914956          -1000.706455257416          -1000.508802136461
          -0.364613880743          -1000.706310920500          -1000.508703236483
          -0.362658846530          -1000.706165077738          -1000.508603098135
          -0.360703812317          -1000.706017772182          -1000.508501765089
          -0.358748778104          -1000.705869046884          -1000.508399281015
          -0.356793743891          -1000.705718944894          -1000.508295689584
          -0.354838709677          -1000.705567509265          -1000.508191034466
          -0.352883675464          -1000.705414783048          -1000.508085359332
          -0.350928641251          -1000.705260809294          -1000.507978707851
          -0.348973607038          -1000.705105631055          -1000.507871123696
          -0.347018572825          -1000.704949291383          -1000.507762650535
          -0.345063538612          -1000.704791833329          -1000.507653332040
          -0.343108504399          -1000.704633299945          -1000.507543211881
          -0.341153470186          -1000.704473734282          -1000.507432333729
          -0.339198435973          -1000.704313179392          -1000.507320741254
          -0.337243401760          -1000.704151678327          -1000.507208478127
          -0.335288367546          -1000.703989274137          -1000.507095588017
          -0.333333333333          -1000.703826009874          -1000.506982114596
          -0.331378299120          -1000.703661928591          -1000.506868101535
          -0.329423264907          -1000.703497073338          -1000.506753592502
          -0.327468230694          -1000.703331487168          -1000.506638631171
          -0.325513196481          -1000.703165213131          -1000.506523261209
          -0.323558162268          -1000.702998294279          -1000.506407526289
          -0.321603128055          -1000.702830773664          -1000.506291470080
          -0.319648093842          -1000.702662694337          -1000.506175136253
          -0.317693059629          -1000.702494099350          -1000.506058568479
          -0.315738025415          -1000.702325031754          -1000.505941810428
          -0.313782991202          -1000.702155534602          -1000.505824905771
          -0.311827956989          -1000.701985650943          -1000.505707898177
          -0.309872922776          -1000.701815423831          -1000.505590831318
          -0.307917888563          -1000.701644896317          -1000.505473748864
          -0.305962854350          -1000.701474111451          -1000.505356694486
          -0.304007820137          -1000.701303112269          -1000.505239711836
          -0.302052785924          -1000.701131936672          -1000.505122839074
          -0.300097751711          -1000.700960610232          -1000.505006101178
          -0.298142717498          -1000.700789156711          -1000.504889521185
          -0.296187683284          -1000.700617599873          -1000.504773122134
          -0.294232649071          -1000.700445963478          -1000.504656927064
          -0.292277614858          -1000.700274271289          -1000.504540959013
          -0.290322580645          -1000.700102547068          -1000.504425241019
          -0.288367546432          -1000.699930814576          -1000.504309796122
          -0.286412512219          -1000.699759097576          -1000.504194647360
          -0.284457478006          -1000.699587419830          -1000.504079817771
          -0.282502443793          -1000.699415805100          -1000.503965330394
          -0.280547409580          -1000.699244277147          -1000.503851208267
          -0.278592375367          -1000.699072859734          -1000.503737474430
          -0.276637341153          -1000.698901576622          -1000.503624151919
          -0.274682306940          -1000.698730451574          -1000.503511263775
          -0.272727272727          -1000.698559508352          -1000.503398833035
          -0.270772238514          -1000.698388770717          -1000.503286882738
          -0.268817204301          -1000.698218262432          -1000.503175435923
          -0.266862170088          -1000.698048007259          -1000.503064515628
          -0.264907135875          -1000.697878028959          -1000.502954144891
          -0.262952101662          -1000.697708351294          -1000.502844346752
          -0.260997067449          -1000.697538998028          -1000.502735144248
          -0.259042033236          -1000.697369992920          -1000.502626560419
          -0.257086999022          -1000.697201359735          -1000.502518618302
          -0.255131964809          -1000.697033122232          -1000.502411340936
          -0.253176930596          -1000.696865304176          -1000.502304751360
          -0.251221896383          -1000.696697929327          -1000.502198872613
          -0.249266862170          -1000.696531021447          -1000.502093727732
          -0.247311827957          -1000.696364604299          -1000.501989339757
          -0.245356793744          -1000.696198701644          -1000.501885731726
          -0.243401759531          -1000.696033337245          -1000.501782926677
          -0.241446725318          -1000.695868534863          -1000.501680947650
          -0.239491691105          -1000.695704318261          -1000.501579817681
          -0.237536656891          -1000.695540711200          -1000.501479559811
          -0.235581622678          -1000.695377737442          -1000.501380197078
          -0.233626588465          -1000.695215420750          -1000.501281752519
          -0.231671554252          -1000.695053784885          -1000.501184249174
          -0.229716520039          -1000.694892853610          -1000.501087710082
          -0.227761485826          -1000.694732650686          -1000.500992158279
          -0.225806451613          -1000.694573199876          -1000.500897616807
          -0.223851417400          -1000.694414524940          -1000.500804108702
          -0.221896383187          -1000.694256649643          -1000.500711657003
          -0.219941348974          -1000.694099597744          -1000.500620284749
          -0.217986314761          -1000.693943393007          -1000.500530014979
          -0.216031280547          -1000.693788058522          -1000.500440869974
          -0.214076246334          -1000.693633610341          -1000.500352864083
          -0.212121212121          -1000.693480060313          -1000.500266006918
          -0.210166177908          -1000.693327420232          -1000.500180308027
          -0.208211143695          -1000.693175701888          -1000.500095776958
          -0.206256109482          -1000.693024917076          -1000.500012423259
          -0.204301075269          -1000.692875077587          -1000.499930256478
          -0.202346041056          -1000.692726195214          -1000.499849286163
          -0.200391006843          -1000.692578281750          -1000.499769521863
          -0.198435972630          -1000.692431348987          -1000.499690973124
          -0.196480938416          -1000.692285408719          -1000.499613649496
          -0.194525904203          -1000.692140472736          -1000.499537560525
          -0.192570869990          -1000.691996552833          -1000.499462715762
          -0.190615835777          -1000.691853660801          -1000.499389124752
          -0.188660801564          -1000.691711808434          -1000.499316797045
          -0.186705767351          -1000.691571007523          -1000.499245742188
          -0.184750733138          -1000.691431269862          -1000.499175969730
          -0.182795698925          -1000.691292607243          -1000.499107489218
          -0.180840664712          -1000.691155031458          -1000.499040310201
          -0.178885630499          -1000.691018554301          -1000.498974442226
          -0.176930596285          -1000.690883187563          -1000.498909894842
          -0.174975562072          -1000.690748943038          -1000.498846677597
          -0.173020527859          -1000.690615832517          -1000.498784800038
          -0.171065493646          -1000.690483867794          -1000.498724271714
          -0.169110459433          -1000.690353060661          -1000.498665102173
          -0.167155425220          -1000.690223422911          -1000.498607300963
          -0.165200391007          -1000.690094966336          -1000.498550877632
          -0.163245356794          -1000.689967702729          -1000.498495841727
          -0.161290322581          -1000.689841643882          -1000.498442202798
          -0.159335288368          -1000.689716801589          -1000.498389970391
          -0.157380254154          -1000.689593187641          -1000.498339154056
          -0.155425219941          -1000.689470813831          -1000.498289763340
          -0.153470185728          -1000.689349691952          -1000.498241807790
          -0.151515151515          -1000.689229833796          -1000.498195296956
          -0.149560117302          -1000.689111251156          -1000.498150240386
          -0.147605083089          -1000.688993955825          -1000.498106647626
          -0.145650048876          -1000.688877959595          -1000.498064528226
          -0.143695014663          -1000.688763274258          -1000.498023891733
          -0.141739980450          -1000.688649911608          -1000.497984747696
          -0.139784946237          -1000.688537883437          -1000.497947105661
          -0.137829912023          -1000.688427201537          -1000.497910975179
          -0.135874877810          -1000.688317877701          -1000.497876365796
          -0.133919843597          -1000.688209923722          -1000.497843287060
          -0.131964809384          -1000.688103351392          -1000.497811748520
          -0.130009775171          -1000.687998172488          -1000.497781759708
          -0.128054740958          -1000.687894396175          -1000.497753327359
          -0.126099706745          -1000.687792026060          -1000.497726452271
          -0.124144672532          -1000.687691065042          -1000.497701134483
          -0.122189638319          -1000.687591516020          -1000.497677374031
          -0.120234604106          -1000.687493381893          -1000.497655170955
          -0.118279569892          -1000.687396665560          -1000.497634525292
          -0.116324535679          -1000.687301369918          -1000.497615437079
          -0.114369501466          -1000.687207497868          -1000.497597906356
          -0.112414467253          -1000.687115052307          -1000.497581933159
          -0.110459433040          -1000.687024036134          -1000.497567517527
          -0.108504398827          -1000.686934452248          -1000.497554659498
          -0.106549364614          -1000.686846303548          -1000.497543359109
          -0.104594330401          -1000.686759592933          -1000.497533616400
          -0.102639296188          -1000.686674323300          -1000.497525431407
          -0.100684261975          -1000.686590497549          -1000.497518804168
          -0.098729227761          -1000.686508118578          -1000.497513734722
          -0.096774193548          -1000.686427189287          -1000.497510223107
          -0.094819159335          -1000.686347712574          -1000.497508269360
          -0.092864125122          -1000.686269691337          -1000.497507873519
          -0.090909090909          -1000.686193128475          -1000.497509035623
          -0.088954056696          -1000.686118026887          -1000.497511755709
          -0.086999022483          -1000.686044389472          -1000.497516033816
          -0.085043988270          -1000.685972219129          -1000.497521869980
          -0.083088954057          -1000.685901518755          -1000.497529264241
          -0.081133919844          -1000.685832291250          -1000.497538216636
          -0.079178885630          -1000.685764539513          -1000.497548727203
          -0.077223851417          -1000.685698266442          -1000.497560795980
          -0.075268817204          -1000.685633474935          -1000.497574423005
          -0.073313782991          -1000.685570167892          -1000.497589608316
          -0.071358748778          -1000.685508348212          -1000.497606351951
          -0.069403714565          -1000.685448018792          -1000.497624653948
          -0.067448680352          -1000.685389182533          -1000.497644514344
          -0.065493646139          -1000.685331842331          -1000.497665933179
          -0.063538611926          -1000.685276001087          -1000.497688910489
          -0.061583577713          -1000.685221661698          -1000.497713446313
          -0.059628543500          -1000.685168827064          -1000.497739540688
          -0.057673509286          -1000.685117500083          -1000.497767193653
          -0.055718475073          -1000.685067683654          -1000.497796405246
          -0.053763440860          -1000.685019380675          -1000.497827175504
          -0.051808406647          -1000.684972594046          -1000.497859504466
          -0.049853372434          -1000.684927326665          -1000.497893392169
          -0.047898338221          -1000.684883581430          -1000.497928838651
          -0.045943304008          -1000.684841361241          -1000.497965843951
          -0.043988269795          -1000.684800668996          -1000.498004408106
          -0.042033235582          -1000.684761507125          -1000.498044530683
          -0.040078201369          -1000.684723873822          -1000.498086206998
          -0.038123167155          -1000.684687765038          -1000.498129430108
          -0.036168132942          -1000.684653176697          -1000.498174193051
          -0.034213098729          -1000.684620104729          -1000.498220488865
          -0.032258064516          -1000.684588545060          -1000.498268310588
          -0.030303030303          -1000.684558493618          -1000.498317651256
          -0.028347996090          -1000.684529946330          -1000.498368503908
          -0.026392961877          -1000.684502899124          -1000.498420861581
          -0.024437927664          -1000.684477347927          -1000.498474717313
          -0.022482893451          -1000.684453288667          -1000.498530064142
          -0.020527859238          -1000.684430717270          -1000.498586895104
          -0.018572825024          -1000.684409629665          -1000.498645203239
          -0.016617790811          -1000.684390021779          -1000.498704981582
          -0.014662756598          -1000.684371889540          -1000.498766223172
          -0.012707722385          -1000.684355228873          -1000.498828921047
          -0.010752688172          -1000.684340035708          -1000.498893068243
          -0.008797653959          -1000.684326305972          -1000.498958657799
          -0.006842619746          -1000.684314035592          -1000.499025682753
          -0.004887585533          -1000.684303220495          -1000.499094136141
          -0.002932551320          -1000.684293856609          -1000.499164011002
          -0.000977517107          -1000.684285939861          -1000.499235300373
           0.000977517107          -1000.684279466179          -1000.499307997292
           0.002932551320          -1000.684274431490          -1000.499382094796
           0.004887585533          -1000.684270831721          -1000.499457585922
           0.006842619746          -1000.684268662800          -1000.499534463709
           0.008797653959          -1000.684267920655          -1000.499612721195
           0.010752688172          -1000.684268601213          -1000.499692351416
           0.012707722385          -1000.684270700401          -1000.499773347410
           0.014662756598          -1000.684274214147          -1000.499855702216
           0.016617790811          -1000.684279138377          -1000.499939408869
           0.018572825024          -1000.684285469021          -1000.500024460409
           0.020527859238          -1000.684293202004          -1000.500110849873
           0.022482893451          -1000.684302333254          -1000.500198570298
           0.024437927664          -1000.684312858700          -1000.500287614722
           0.026392961877          -1000.684324774267          -1000.500377976182
           0.028347996090          -1000.684338075885          -1000.500469647717
           0.030303030303          -1000.684352759479          -1000.500562622363
           0.032258064516          -1000.684368820978          -1000.500656893159
           0.034213098729          -1000.684386256309          -1000.500752453141
           0.036168132942          -1000.684405061399          -1000.500849295349
           0.038123167155          -1000.684425232176          -1000.500947412818
           0.040078201369          -1000.684446764567          -1000.501046798587
           0.042033235582          -1000.684469654500          -1000.501147445694
           0.043988269795          -1000.684493897884          -1000.501249347159
           0.045943304008          -1000.684519488679          -1000.501352494240
           0.047898338221          -1000.684546417169          -1000.501456874869
           0.049853372434          -1000.684574673234          -1000.501562476609
           0.051808406647          -1000.684604246752          -1000.501669287023
           0.053763440860          -1000.684635127600          -1000.501777293677
           0.055718475073          -1000.684667305657          -1000.501886484132
           0.057673509286          -1000.684700770801          -1000.501996845954
           0.059628543500          -1000.684735512912          -1000.502108366705
           0.061583577713          -1000.684771521866          -1000.502221033949
           0.063538611926          -1000.684808787542          -1000.502334835250
           0.065493646139          -1000.684847299818          -1000.502449758172
           0.067448680352          -1000.684887048574          -1000.502565790278
           0.069403714565          -1000.684928023686          -1000.502682919132
           0.071358748778          -1000.684970215033          -1000.502801132298
           0.073313782991          -1000.685013612494          -1000.502920417339
           0.075268817204          -1000.685058205947          -1000.503040761819
           0.077223851417          -1000.685103985270          -1000.503162153301
           0.079178885630          -1000.685150940342          -1000.503284579350
           0.081133919844          -1000.685199061039          -1000.503408027528
           0.083088954057          -1000.685248337242          -1000.503532485401
           0.085043988270          -1000.685298758828          -1000.503657940530
           0.086999022483          -1000.685350315676          -1000.503784380481
           0.088954056696          -1000.685402997663          -1000.503911792816
           0.090909090909          -1000.685456794668          -1000.504040165099
           0.092864125122          -1000.685511696570          -1000.504169484895
           0.094819159335          -1000.685567693246          -1000.504299739766
           0.096774193548          -1000.685624774575          -1000.504430917277
           0.098729227761          -1000.685682930436          -1000.504563004990
           0.100684261975          -1000.685742150705          -1000.504695990470
           0.102639296188          -1000.685802425263          -1000.504829861281
           0.104594330401          -1000.685863743986          -1000.504964604985
           0.106549364614          -1000.685926096753          -1000.505100209147
           0.108504398827          -1000.685989473443          -1000.505236661331
           0.110459433040          -1000.686053863934          -1000.505373949099
           0.112414467253          -1000.686119258104          -1000.505512060017
           0.114369501466          -1000.686185645831          -1000.505650981646
           0.116324535679          -1000.686253016994          -1000.505790701552
           0.118279569892          -1000.686321361471          -1000.505931207297
           0.120234604106          -1000.686390669140          -1000.506072486446
           0.122189638319          -1000.686460929880          -1000.506214526561
           0.124144672532          -1000.686532133568          -1000.506357315208
           0.126099706745          -1000.686604270083          -1000.506500839949
           0.128054740958          -1000.686677329304          -1000.506645088347
           0.130009775171          -1000.686751301108          -1000.506790047968
           0.131964809384          -1000.686826174971          -1000.506935706060
           0.133919843597          -1000.686901937217          -1000.507082047422
           0.135874877810          -1000.686978572688          -1000.507229055695
           0.137829912023          -1000.687056066216          -1000.507376714516
           0.139784946237          -1000.687134402633          -1000.507525007521
           0.141739980450          -1000.687213566773          -1000.507673918347
           0.143695014663          -1000.687293543468          -1000.507823430628
           0.145650048876          -1000.687374317550          -1000.507973528002
           0.147605083089          -1000.687455873853          -1000.508124194105
           0.149560117302          -1000.687538197208          -1000.508275412572
           0.151515151515          -1000.687621272448          -1000.508427167039
           0.153470185728          -1000.687705084406          -1000.508579441144
           0.155425219941          -1000.687789617915          -1000.508732218521
           0.157380254154          -1000.687874857807          -1000.508885482808
           0.159335288368          -1000.687960788915          -1000.509039217639
           0.161290322581          -1000.688047396070          -1000.509193406652
           0.163245356794          -1000.688134664107          -1000.509348033481
           0.165200391007          -1000.688222577857          -1000.509503081765
           0.167155425220          -1000.688311122154          -1000.509658535137
           0.169110459433          -1000.688400281829          -1000.509814377236
           0.171065493646          -1000.688490041715          -1000.509970591695
           0.173020527859          -1000.688580386645          -1000.510127162153
           0.174975562072          -1000.688671301452          -1000.510284072245
           0.176930596285          -1000.688762770968          -1000.510441305607
           0.178885630499          -1000.688854780026          -1000.510598845874
           0.180840664712          -1000.688947313458          -1000.510756676684
           0.182795698925          -1000.689040356096          -1000.510914781672
           0.184750733138          -1000.689133892775          -1000.511073144475
           0.186705767351          -1000.689227908325          -1000.511231748728
           0.188660801564          -1000.689322387580          -1000.511390578068
           0.190615835777          -1000.689417315373          -1000.511549616130
           0.192570869990          -1000.689512676535          -1000.511708846552
           0.194525904203          -1000.689608455900          -1000.511868252967
           0.196480938416          -1000.689704638300          -1000.512027819015
           0.198435972630          -1000.689801208567          -1000.512187528329
           0.200391006843          -1000.689898151535          -1000.512347364546
           0.202346041056          -1000.689995452036          -1000.512507311303
           0.204301075269          -1000.690093094902          -1000.512667352235
           0.206256109482          -1000.690191064967          -1000.512827470979
           0.208211143695          -1000.690289347062          -1000.512987651170
           0.210166177908          -1000.690387926020          -1000.513147876445
           0.212121212121          -1000.690486786675          -1000.513308130440
           0.214076246334          -1000.690585913857          -1000.513468396791
           0.216031280547          -1000.690685292401          -1000.513628659134
           0.217986314761          -1000.690784907123          -1000.513788901092
           0.219941348974          -1000.690884741629          -1000.513949105382
           0.221896383187          -1000.690984777504          -1000.514109253197
           0.223851417400          -1000.691084996136          -1000.514269325586
           0.225806451613          -1000.691185378915          -1000.514429303597
           0.227761485826          -1000.691285907232          -1000.514589168279
           0.229716520039          -1000.691386562476          -1000.514748900680
           0.231671554252          -1000.691487326038          -1000.514908481850
           0.233626588465          -1000.691588179306          -1000.515067892836
           0.235581622678          -1000.691689103671          -1000.515227114689
           0.237536656891          -1000.691790080523          -1000.515386128455
           0.239491691105          -1000.691891091251          -1000.515544915184
           0.241446725318          -1000.691992117247          -1000.515703455925
           0.243401759531          -1000.692093139898          -1000.515861731726
           0.245356793744          -1000.692194140595          -1000.516019723636
           0.247311827957          -1000.692295100729          -1000.516177412704
           0.249266862170          -1000.692396001688          -1000.516334779977
           0.251221896383          -1000.692496824863          -1000.516491806505
           0.253176930596          -1000.692597551644          -1000.516648473337
           0.255131964809          -1000.692698163420          -1000.516804761521
           0.257086999022          -1000.692798641581          -1000.516960652106
           0.259042033236          -1000.692898967518          -1000.517116126140
           0.260997067449          -1000.692999122619          -1000.517271164672
           0.262952101662          -1000.693099088276          -1000.517425748750
           0.264907135875          -1000.693198845877          -1000.517579859424
           0.266862170088          -1000.693298376813          -1000.517733477743
           0.268817204301          -1000.693397662473          -1000.517886584754
           0.270772238514          -1000.693496684248          -1000.518039161506
           0.272727272727          -1000.693595423527          -1000.518191189048
           0.274682306940          -1000.693693861700          -1000.518342648429
           0.276637341153          -1000.693791980156          -1000.518493520697
           0.278592375367          -1000.693889760287          -1000.518643786901
           0.280547409580          -1000.693987183482          -1000.518793428090
           0.282502443793          -1000.694084231129          -1000.518942425311
           0.284457478006          -1000.694180884620          -1000.519090759615
           0.286412512219          -1000.694277125345          -1000.519238412049
           0.288367546432          -1000.694372934692          -1000.519385363663
           0.290322580645          -1000.694468294053          -1000.519531595504
           0.292277614858          -1000.694563184816          -1000.519677088622
           0.294232649071          -1000.694657588372          -1000.519821824065
           0.296187683284          -1000.694751486110          -1000.519965782882
           0.298142717498          -1000.694844859421          -1000.520108946122
           0.300097751711          -1000.694937689693          -1000.520251294832
           0.302052785924          -1000.695029958319          -1000.520392810063
           0.304007820137          -1000.695121646685          -1000.520533472861
           0.305962854350          -1000.695212736107          -1000.520673264305
           0.307917888563          -1000.695303207375          -1000.520812165656
           0.309872922776          -1000.695393041059          -1000.520950158256
           0.311827956989          -1000.695482217734          -1000.521087223448
           0.313782991202          -1000.695570717970          -1000.521223342571
           0.315738025415          -1000.695658522339          -1000.521358496969
           0.317693059629          -1000.695745611413          -1000.521492667982
           0.319648093842          -1000.695831965764          -1000.521625836951
           0.321603128055          -1000.695917565964          -1000.521757985220
           0.323558162268          -1000.696002392584          -1000.521889094128
           0.325513196481          -1000.696086426196          -1000.522019145018
           0.327468230694          -1000.696169647372          -1000.522148119231
           0.329423264907          -1000.696252036684          -1000.522275998109
           0.331378299120          -1000.696333574704          -1000.522402762993
           0.333333333333          -1000.696414242003          -1000.522528395225
           0.335288367546          -1000.696494019154          -1000.522652876146
           0.337243401760          -1000.696572886727          -1000.522776187099
           0.339198435973          -1000.696650825296          -1000.522898309423
           0.341153470186          -1000.696727815431          -1000.523019224462
           0.343108504399          -1000.696803837704          -1000.523138913556
           0.345063538612          -1000.696878872688          -1000.523257358047
           0.347018572825          -1000.696952900954          -1000.523374539277
           0.348973607038          -1000.697025903074          -1000.523490438586
           0.350928641251          -1000.697097859620          -1000.523605037318
           0.352883675464          -1000.697168751163          -1000.523718316813
           0.354838709677          -1000.697238558275          -1000.523830258413
           0.356793743891          -1000.697307261529          -1000.523940843459
           0.358748778104          -1000.697374841496          -1000.524050053293
           0.360703812317          -1000.697441278747          -1000.524157869257
           0.362658846530          -1000.697506553855          -1000.524264272691
           0.364613880743          -1000.697570647391          -1000.524369244938
           0.366568914956          -1000.697633539928          -1000.524472767339
           0.368523949169          -1000.697695212036          -1000.524574821236
           0.370478983382          -1000.697755644288          -1000.524675387970
           0.372434017595          -1000.697814817256          -1000.524774448883
           0.374389051808          -1000.697872711511          -1000.524871985316
           0.376344086022          -1000.697929307626          -1000.524967978611
           0.378299120235          -1000.697984586172          -1000.525062410109
           0.380254154448          -1000.698038527720          -1000.525155261152
           0.382209188661          -1000.698091112843          -1000.525246513082
           0.384164222874          -1000.698142322112          -1000.525336147240
           0.386119257087          -1000.698192136100          -1000.525424144967
           0.388074291300          -1000.698240535378          -1000.525510487606
           0.390029325513          -1000.698287500517          -1000.525595156497
           0.391984359726          -1000.698333012107          -1000.525678133000
           0.393939393939          -1000.698377051601          -1000.525759399439
           0.395894428152          -1000.698419601751          -1000.525838939578
           0.397849462366          -1000.698460645409          -1000.525916737295
           0.399804496579          -1000.698500165430          -1000.525992776471
           0.401759530792          -1000.698538144670          -1000.526067040984
           0.403714565005          -1000.698574565983          -1000.526139514716
           0.405669599218          -1000.698609412222          -1000.526210181547
           0.407624633431          -1000.698642666244          -1000.526279025354
           0.409579667644          -1000.698674310901          -1000.526346030019
           0.411534701857          -1000.698704329050          -1000.526411179422
           0.413489736070          -1000.698732703544          -1000.526474457442
           0.415444770283          -1000.698759417238          -1000.526535847959
           0.417399804497          -1000.698784452987          -1000.526595334852
           0.419354838710          -1000.698807793644          -1000.526652902002
           0.421309872923          -1000.698829422066          -1000.526708533288
           0.423264907136          -1000.698849321105          -1000.526762212591
           0.425219941349          -1000.698867473617          -1000.526813923789
           0.427174975562          -1000.698883862457          -1000.526863650764
           0.429130009775          -1000.698898470478          -1000.526911377394
           0.431085043988          -1000.698911280536          -1000.526957087559
           0.433040078201          -1000.698922275485          -1000.527000765139
           0.434995112414          -1000.698931438179          -1000.527042394015
           0.436950146628          -1000.698938751473          -1000.527081958065
           0.438905180841          -1000.698944198222          -1000.527119441170
           0.440860215054          -1000.698947761281          -1000.527154827210
           0.442815249267          -1000.698949423502          -1000.527188100063
           0.444770283480          -1000.698949167743          -1000.527219243611
           0.446725317693          -1000.698946976856          -1000.527248241732
           0.448680351906          -1000.698942833696          -1000.527275078307
           0.450635386119          -1000.698936721119          -1000.527299737216
           0.452590420332          -1000.698928621978          -1000.527322202337
           0.454545454545          -1000.698918519128          -1000.527342457552
           0.456500488759          -1000.698906395423          -1000.527360486740
           0.458455522972          -1000.698892233719          -1000.527376273780
           0.460410557185          -1000.698876016870          -1000.527389802553
           0.462365591398          -1000.698857727729          -1000.527401056938
           0.464320625611          -1000.698837349153          -1000.527410020815
           0.466275659824          -1000.698814863995          -1000.527416678064
           0.468230694037          -1000.698790255110          -1000.527421012565
           0.470185728250          -1000.698763505352          -1000.527423008197
           0.472140762463          -1000.698734597577          -1000.527422648841
           0.474095796676          -1000.698703514638          -1000.527419918376
           0.476050830890          -1000.698670239390          -1000.527414800681
           0.478005865103          -1000.698634754688          -1000.527407279638
           0.479960899316          -1000.698597044047          -1000.527397339787
           0.481915933529          -1000.698557094911          -1000.527384969610
           0.483870967742          -1000.698514896167          -1000.527370159033
           0.485826001955          -1000.698470436704          -1000.527352897985
           0.487781036168          -1000.698423705412          -1000.527333176398
           0.489736070381          -1000.698374691180          -1000.527310984199
           0.491691104594          -1000.698323382899          -1000.527286311319
           0.493646138807          -1000.698269769458          -1000.527259147687
           0.495601173021          -1000.698213839745          -1000.527229483234
           0.497556207234          -1000.698155582651          -1000.527197307888
           0.499511241447          -1000.698094987066          -1000.527162611579
           0.501466275660          -1000.698032041879          -1000.527125384237
           0.503421309873          -1000.697966735979          -1000.527085615792
           0.505376344086          -1000.697899058256          -1000.527043296173
           0.507331378299          -1000.697828997600          -1000.526998415310
           0.509286412512          -1000.697756542900          -1000.526950963132
           0.511241446725          -1000.697681683046          -1000.526900929569
           0.513196480938          -1000.697604406927          -1000.526848304550
           0.515151515152          -1000.697524703433          -1000.526793078006
           0.517106549365          -1000.697442561454          -1000.526735239866
           0.519061583578          -1000.697357969878          -1000.526674780059
           0.521016617791          -1000.697270917596          -1000.526611688515
           0.522971652004          -1000.697181393498          -1000.526545955164
           0.524926686217          -1000.697089386472          -1000.526477569936
           0.526881720430          -1000.696994885409          -1000.526406522759
           0.528836754643          -1000.696897879197          -1000.526332803564
           0.530791788856          -1000.696798356727          -1000.526256402280
           0.532746823069          -1000.696696306888          -1000.526177308837
           0.534701857283          -1000.696591718569          -1000.526095513164
           0.536656891496          -1000.696484580661          -1000.526011005192
           0.538611925709          -1000.696374882052          -1000.525923774850
           0.540566959922          -1000.696262611633          -1000.525833812066
           0.542521994135          -1000.696147758292          -1000.525741106772
           0.544477028348          -1000.696030310920          -1000.525645648896
           0.546432062561          -1000.695910258406          -1000.525547428369
           0.548387096774          -1000.695787589640          -1000.525446435119
           0.550342130987          -1000.695662293510          -1000.525342659077
           0.552297165200          -1000.695534358908          -1000.525236090171
           0.554252199413          -1000.695403774721          -1000.525126718333
           0.556207233627          -1000.695270529841          -1000.525014533491
           0.558162267840          -1000.695134613156          -1000.524899525575
           0.560117302053          -1000.694996013556          -1000.524781684514
           0.562072336266          -1000.694854719930          -1000.524661000239
           0.564027370479          -1000.694710721169          -1000.524537462679
           0.565982404692          -1000.694564006251          -1000.524411061849
           0.567937438905          -1000.694414567829          -1000.524281791289
           0.569892473118          -1000.694262403438          -1000.524149649218
           0.571847507331          -1000.694107510949          -1000.524014634179
           0.573802541544          -1000.693949888231          -1000.523876744716
           0.575757575758          -1000.693789533156          -1000.523735979372
           0.577712609971          -1000.693626443594          -1000.523592336689
           0.579667644184          -1000.693460617417          -1000.523445815210
           0.581622678397          -1000.693292052496          -1000.523296413480
           0.583577712610          -1000.693120746700          -1000.523144130040
           0.585532746823          -1000.692946697902          -1000.522988963433
           0.587487781036          -1000.692769903971          -1000.522830912204
           0.589442815249          -1000.692590362779          -1000.522669974894
           0.591397849462          -1000.692408072197          -1000.522506150047
           0.593352883675          -1000.692223030095          -1000.522339436206
           0.595307917889          -1000.692035234343          -1000.522169831915
           0.597262952102          -1000.691844682814          -1000.521997335715
           0.599217986315          -1000.691651373378          -1000.521821946150
           0.601173020528          -1000.691455303906          -1000.521643661764
           0.603128054741          -1000.691256472268          -1000.521462481099
           0.605083088954          -1000.691054876335          -1000.521278402698
           0.607038123167          -1000.690850513978          -1000.521091425104
           0.608993157380          -1000.690643383069          -1000.520901546861
           0.610948191593          -1000.690433481478          -1000.520708766511
           0.612903225806          -1000.690220807075          -1000.520513082598
           0.614858260020          -1000.690005357731          -1000.520314493664
           0.616813294233          -1000.689787131318          -1000.520112998253
           0.618768328446          -1000.689566125706          -1000.519908594907
           0.620723362659          -1000.689342338767          -1000.519701282170
           0.622678396872          -1000.689115768370          -1000.519491058585
           0.624633431085          -1000.688886412387          -1000.519277922695
           0.626588465298          -1000.688654268688          -1000.519061873043
           0.628543499511          -1000.688419335145          -1000.518842908171
           0.630498533724          -1000.688181609628          -1000.518621026624
           0.632453567937          -1000.687941090007          -1000.518396226943
           0.634408602151          -1000.687697774155          -1000.518168507673
           0.636363636364          -1000.687451659942          -1000.517937867355
           0.638318670577          -1000.687202745238          -1000.517704304534
           0.640273704790          -1000.686951027915          -1000.517467817752
           0.642228739003          -1000.686696505843          -1000.517228405552
           0.644183773216          -1000.686439176892          -1000.516986066478
           0.646138807429          -1000.686179038935          -1000.516740799072
           0.648093841642          -1000.685916089842          -1000.516492601877
           0.650048875855          -1000.685650327483          -1000.516241473437
           0.652003910068          -1000.685381749729          -1000.515987412294
           0.653958944282          -1000.685110356270          -1000.515730418865
           0.655913978495          -1000.684836156246          -1000.515470503303
           0.657869012708          -1000.684559161858          -1000.515207678916
           0.659824046921          -1000.684279385312          -1000.514941959013
           0.661779081134          -1000.683996838811          -1000.514673356903
           0.663734115347          -1000.683711534558          -1000.514401885897
           0.665689149560          -1000.683423484758          -1000.514127559303
           0.667644183773          -1000.683132701615          -1000.513850390430
           0.669599217986          -1000.682839197333          -1000.513570392589
           0.671554252199          -1000.682542984115          -1000.513287579089
           0.673509286413          -1000.682244074166          -1000.513001963238
           0.675464320626          -1000.681942479689          -1000.512713558348
           0.677419354839          -1000.681638212889          -1000.512422377726
           0.679374389052          -1000.681331285968          -1000.512128434682
           0.681329423265          -1000.681021711133          -1000.511831742526
           0.683284457478          -1000.680709500584          -1000.511532314568
           0.685239491691          -1000.680394666528          -1000.511230164116
           0.687194525904          -1000.680077221169          -1000.510925304480
           0.689149560117          -1000.679757176708          -1000.510617748969
           0.691104594330          -1000.679434545352          -1000.510307510894
           0.693059628543          -1000.679109339303          -1000.509994603562
           0.695014662757          -1000.678781570766          -1000.509679040285
           0.696969696970          -1000.678451251945          -1000.509360834370
           0.698924731183          -1000.678118395043          -1000.509039999128
           0.700879765396          -1000.677783012265          -1000.508716547868
           0.702834799609          -1000.677445115814          -1000.508390493899
           0.704789833822          -1000.677104717894          -1000.508061850531
           0.706744868035          -1000.676761830709          -1000.507730631074
           0.708699902248          -1000.676416466463          -1000.507396848836
           0.710654936461          -1000.676068637361          -1000.507060517127
           0.712609970674          -1000.675718355605          -1000.506721649256
           0.714565004888          -1000.675365633401          -1000.506380258534
           0.716520039101          -1000.675010482951          -1000.506036358268
           0.718475073314          -1000.674652916459          -1000.505689961770
           0.720430107527          -1000.674292946131          -1000.505341082347
           0.722385141740          -1000.673930584169          -1000.504989733310
           0.724340175953          -1000.673565842777          -1000.504635927968
           0.726295210166          -1000.673198734160          -1000.504279679631
           0.728250244379          -1000.672829270522          -1000.503921001607
           0.730205278592          -1000.672457464065          -1000.503559907207
           0.732160312805          -1000.672083326995          -1000.503196409739
           0.734115347019          -1000.671706871515          -1000.502830522513
           0.736070381232          -1000.671328109828          -1000.502462258839
           0.738025415445          -1000.670947054140          -1000.502091632026
           0.739980449658          -1000.670563716756          -1000.501718655477
           0.741935483871          -1000.670178113242          -1000.501343345587
           0.743890518084          -1000.669790263027          -1000.500965722298
           0.745845552297          -1000.669400185764          -1000.500585805756
           0.747800586510          -1000.669007901106          -1000.500203616107
           0.749755620723          -1000.668613428706          -1000.499819173499
           0.751710654936          -1000.668216788217          -1000.499432498077
           0.753665689150          -1000.667817999291          -1000.499043609988
           0.755620723363          -1000.667417081582          -1000.498652529379
           0.757575757576          -1000.667014054742          -1000.498259276396
           0.759530791789          -1000.666608938425          -1000.497863871185
           0.761485826002          -1000.666201752284          -1000.497466333894
           0.763440860215          -1000.665792515970          -1000.497066684669
           0.765395894428          -1000.665381249138          -1000.496664943656
           0.767350928641          -1000.664967971441          -1000.496261131002
           0.769305962854          -1000.664552702530          -1000.495855266853
           0.771260997067          -1000.664135462059          -1000.495447371356
           0.773216031281          -1000.663716269682          -1000.495037464658
           0.775171065494          -1000.663295145050          -1000.494625566905
           0.777126099707          -1000.662872107817          -1000.494211698243
           0.779081133920          -1000.662447177636          -1000.493795878819
           0.781036168133          -1000.662020374159          -1000.493378128780
           0.782991202346          -1000.661591717040          -1000.492958468272
           0.784946236559          -1000.661161225932          -1000.492536917442
           0.786901270772          -1000.660728920487          -1000.492113496435
           0.788856304985          -1000.660294820358          -1000.491688225400
           0.790811339198          -1000.659858945199          -1000.491261124481
           0.792766373412          -1000.659421314662          -1000.490832213827
           0.794721407625          -1000.658981948400          -1000.490401513582
           0.796676441838          -1000.658540866066          -1000.489969043895
           0.798631476051          -1000.658098087313          -1000.489534824911
           0.800586510264          -1000.657653631794          -1000.489098876777
           0.802541544477          -1000.657207519162          -1000.488661219639
           0.804496578690          -1000.656759769070          -1000.488221873644
           0.806451612903          -1000.656310401170          -1000.487780858939
           0.808406647116          -1000.655859435116          -1000.487338195670
           0.810361681329          -1000.655406890561          -1000.486893903983
           0.812316715543          -1000.654952787157          -1000.486448004026
           0.814271749756          -1000.654497144557          -1000.486000515944
           0.816226783969          -1000.654039982415          -1000.485551459884
           0.818181818182          -1000.653581320383          -1000.485100855993
           0.820136852395          -1000.653121178114          -1000.484648724417
           0.822091886608          -1000.652659575262          -1000.484195085303
           0.824046920821          -1000.652196531478          -1000.483739958797
           0.826001955034          -1000.651732066416          -1000.483283365046
           0.827956989247          -1000.651266203692          -1000.482825328129
           0.829912023460          -1000.650798984980          -1000.482365890049
           0.831867057674          -1000.650330457100          -1000.481905097914
           0.833822091887          -1000.649860666870          -1000.481442998834
           0.835777126100          -1000.649389661111          -1000.480979639916
           0.837732160313          -1000.648917486642          -1000.480515068268
           0.839687194526          -1000.648444190281          -1000.480049331001
           0.841642228739          -1000.647969818847          -1000.479582475221
           0.843597262952          -1000.647494419161          -1000.479114548037
           0.845552297165          -1000.647018038042          -1000.478645596558
           0.847507331378          -1000.646540722308          -1000.478175667892
           0.849462365591          -1000.646062518779          -1000.477704809148
           0.851417399804          -1000.645583474274          -1000.477233067435
           0.853372434018          -1000.645103635613          -1000.476760489860
           0.855327468231          -1000.644623049614          -1000.476287123532
           0.857282502444          -1000.644141763097          -1000.475813015560
           0.859237536657          -1000.643659822881          -1000.475338213052
           0.861192570870          -1000.643177275786          -1000.474862763117
           0.863147605083          -1000.642694168631          -1000.474386712863
           0.865102639296          -1000.642210548234          -1000.473910109399
           0.867057673509          -1000.641726461416          -1000.473432999832
           0.869012707722          -1000.641241954995          -1000.472955431272
           0.870967741935          -1000.640757075791          -1000.472477450827
           0.872922776149          -1000.640271870623          -1000.471999105606
           0.874877810362          -1000.639786386309          -1000.471520442717
           0.876832844575          -1000.639300669671          -1000.471041509268
           0.878787878788          -1000.638814767526          -1000.470562352368
           0.880742913001          -1000.638328726694          -1000.470083019126
           0.882697947214          -1000.637842593994          -1000.469603556649
           0.884652981427          -1000.637356416246          -1000.469124012047
           0.886608015640          -1000.636870240269          -1000.468644432427
           0.888563049853          -1000.636384112881          -1000.468164864899
           0.890518084066          -1000.635898080903          -1000.467685356571
           0.892473118280          -1000.635412191153          -1000.467205954551
           0.894428152493          -1000.634926490451          -1000.466726705948
           0.896383186706          -1000.634441025616          -1000.466247657871
           0.898338220919          -1000.633955843467          -1000.465768857426
           0.900293255132          -1000.633470990824          -1000.465290351725
           0.902248289345          -1000.632986514506          -1000.464812187874
           0.904203323558          -1000.632502461331          -1000.464334412982
           0.906158357771          -1000.632018878120          -1000.463857074157
           0.908113391984          -1000.631535811691          -1000.463380218509
           0.910068426197          -1000.631053308864          -1000.462903893146
           0.912023460411          -1000.630571416458          -1000.462428145175
           0.913978494624          -1000.630090180018          -1000.461953020446
           0.915933528837          -1000.629609612583          -1000.461478532681
           0.917888563050          -1000.629129692817          -1000.461004661620
           0.919843597263          -1000.628650397730          -1000.460531385376
           0.921798631476          -1000.628171704335          -1000.460058682057
           0.923753665689          -1000.627693589643          -1000.459586529776
           0.925708699902          -1000.627216030666          -1000.459114906642
           0.927663734115          -1000.626739004415          -1000.458643790767
           0.929618768328          -1000.626262487902          -1000.458173160262
           0.931573802542          -1000.625786458140          -1000.457702993236
           0.933528836755          -1000.625310892139          -1000.457233267801
           0.935483870968          -1000.624835766912          -1000.456763962067
           0.937438905181          -1000.624361059469          -1000.456295054146
           0.939393939394          -1000.623886746824          -1000.455826522148
           0.941348973607          -1000.623412805987          -1000.455358344183
           0.943304007820          -1000.622939213971          -1000.454890498362
           0.945259042033          -1000.622465947786          -1000.454422962796
           0.947214076246          -1000.621992984445          -1000.453955715596
           0.949169110459          -1000.621520300960          -1000.453488734872
           0.951124144673          -1000.621047874342          -1000.453021998736
           0.953079178886          -1000.620575681603          -1000.452555485298
           0.955034213099          -1000.620103699754          -1000.452089172668
           0.956989247312          -1000.619631905808          -1000.451623038957
           0.958944281525          -1000.619160276776          -1000.451157062276
           0.960899315738          -1000.618688789669          -1000.450691220737
           0.962854349951          -1000.618217421500          -1000.450225492448
           0.964809384164          -1000.617746149280          -1000.449759855522
           0.966764418377          -1000.617274950022          -1000.449294288068
           0.968719452590          -1000.616803800736          -1000.448828768199
           0.970674486804          -1000.616332678434          -1000.448363274023
           0.972629521017          -1000.615861560128          -1000.447897783653
           0.974584555230          -1000.615390422830          -1000.447432275198
           0.976539589443          -1000.614919243552          -1000.446966726770
           0.978494623656          -1000.614447999305          -1000.446501116480
           0.980449657869          -1000.613976667100          -1000.446035422437
           0.982404692082          -1000.613505223951          -1000.445569622752
           0.984359726295          -1000.613033646868          -1000.445103695537
           0.986314760508          -1000.612561912863          -1000.444637618902
           0.988269794721          -1000.612089998948          -1000.444171370958
           0.990224828935          -1000.611617882134          -1000.443704929816
           0.992179863148          -1000.611145539434          -1000.443238273585
           0.994134897361          -1000.610672947859          -1000.442771380378
           0.996089931574          -1000.610200084420          -1000.442304228304
           0.998044965787          -1000.609726926130          -1000.441836795475
           1.000000000000          -1000.609253450000          -1000.441369060000
