          -1.000000000000          -1324.978023520000          -1324.770741610000
          -0.998044965787          -1324.996808352071          -1324.789547675261
          -0.996089931574          -1325.015744939908          -1324.808505520763
          -0.994134897361          -1325.034822307530          -1324.827604168754
          -0.992179863148          -1325.054029478955          -1324.846832641484
          -0.990224828935          -1325.073355478203          -1324.866179961200
          -0.988269794721          -1325.092789329292          -1324.885635150152
          -0.986314760508          -1325.112320056240          -1324.905187230588
          -0.984359726295          -1325.131936683067          -1324.924825224757
          -0.982404692082          -1325.151628233792          -1324.944538154906
          -0.980449657869          -1325.171383732433          -1324.964315043285
          -0.978494623656          -1325.191192203009          -1324.984144912142
          -0.976539589443          -1325.211042669538          -1325.004016783726
          -0.974584555230          -1325.230924156040          -1325.023919680285
          -0.972629521017          -1325.250825686533          -1325.043842624068
          -0.970674486804          -1325.270736285035          -1325.063774637323
          -0.968719452590          -1325.290644975567          -1325.083704742300
          -0.966764418377          -1325.310540782146          -1325.103621961246
          -0.964809384164          -1325.330412728792          -1325.123515316410
          -0.962854349951          -1325.350249839522          -1325.143373830041
          -0.960899315738          -1325.370041138356          -1325.163186524387
          -0.958944281525          -1325.389775649313          -1325.182942421697
          -0.956989247312          -1325.409442396411          -1325.202630544220
          -0.955034213099          -1325.429030403669          -1325.222239914203
          -0.953079178886          -1325.448528695106          -1325.241759553896
          -0.951124144673          -1325.467926294740          -1325.261178485547
          -0.949169110459          -1325.487212226591          -1325.280485731404
          -0.947214076246          -1325.506375514676          -1325.299670313717
          -0.945259042033          -1325.525405183016          -1325.318721254734
          -0.943304007820          -1325.544290255629          -1325.337627576703
          -0.941348973607          -1325.563019756532          -1325.356378301872
          -0.939393939394          -1325.581582709746          -1325.374962452492
          -0.937438905181          -1325.599968139289          -1325.393369050809
          -0.935483870968          -1325.618165069180          -1325.411587119073
          -0.933528836755          -1325.636162523436          -1325.429605679532
          -0.931573802542          -1325.653949526079          -1325.447413754436
          -0.929618768328          -1325.671515101125          -1325.465000366031
          -0.927663734115          -1325.688848272594          -1325.482354536567
          -0.925708699902          -1325.705938064504          -1325.499465288292
          -0.923753665689          -1325.722773500875          -1325.516321643456
          -0.921798631476          -1325.739343605724          -1325.532912624306
          -0.919843597263          -1325.755637403072          -1325.549227253091
          -0.917888563050          -1325.771643916936          -1325.565254552060
          -0.915933528837          -1325.787352171335          -1325.580983543461
          -0.913978494624          -1325.802751190289          -1325.596403249543
          -0.912023460411          -1325.817830398515          -1325.611503093333
          -0.910068426197          -1325.832587569274          -1325.626280848034
          -0.908113391984          -1325.847028369065          -1325.640742181630
          -0.906158357771          -1325.861158773936          -1325.654893071720
          -0.904203323558          -1325.874984759937          -1325.668739495901
          -0.902248289345          -1325.888512303118          -1325.682287431770
          -0.900293255132          -1325.901747379526          -1325.695542856924
          -0.898338220919          -1325.914695965213          -1325.708511748961
          -0.896383186706          -1325.927364036226          -1325.721200085478
          -0.894428152493          -1325.939757568614          -1325.733613844073
          -0.892473118280          -1325.951882538428          -1325.745759002341
          -0.890518084066          -1325.963744921717          -1325.757641537882
          -0.888563049853          -1325.975350694529          -1325.769267428291
          -0.886608015640          -1325.986705832914          -1325.780642651167
          -0.884652981427          -1325.997816312921          -1325.791773184106
          -0.882697947214          -1326.008688110599          -1325.802665004705
          -0.880742913001          -1326.019327201997          -1325.813324090563
          -0.878787878788          -1326.029739563166          -1325.823756419276
          -0.876832844575          -1326.039931170153          -1325.833967968442
          -0.874877810362          -1326.049907999008          -1325.843964715658
          -0.872922776149          -1326.059676025781          -1325.853752638521
          -0.870967741935          -1326.069241226520          -1325.863337714628
          -0.869012707722          -1326.078609577275          -1325.872725921577
          -0.867057673509          -1326.087787054095          -1325.881923236964
          -0.865102639296          -1326.096779633029          -1325.890935638388
          -0.863147605083          -1326.105593290126          -1325.899769103445
          -0.861192570870          -1326.114234001436          -1325.908429609734
          -0.859237536657          -1326.122707743009          -1325.916923134850
          -0.857282502444          -1326.131020490892          -1325.925255656391
          -0.855327468231          -1326.139178221135          -1325.933433151955
          -0.853372434018          -1326.147186909787          -1325.941461599138
          -0.851417399804          -1326.155052532899          -1325.949346975539
          -0.849462365591          -1326.162781066518          -1325.957095258754
          -0.847507331378          -1326.170378486695          -1325.964712426380
          -0.845552297165          -1326.177850769478          -1325.972204456016
          -0.843597262952          -1326.185203890916          -1325.979577325257
          -0.841642228739          -1326.192443827059          -1325.986837011701
          -0.839687194526          -1326.199576553956          -1325.993989492947
          -0.837732160313          -1326.206608047656          -1326.001040746591
          -0.835777126100          -1326.213544284209          -1326.007996750229
          -0.833822091887          -1326.220391239664          -1326.014863481460
          -0.831867057674          -1326.227154890068          -1326.021646917881
          -0.829912023460          -1326.233841211474          -1326.028353037088
          -0.827956989247          -1326.240456179928          -1326.034987816680
          -0.826001955034          -1326.247005771398          -1326.041557234170
          -0.824046920821          -1326.253494815075          -1326.048066120132
          -0.822091886608          -1326.259924113184          -1326.054515277584
          -0.820136852395          -1326.266293584503          -1326.060904625968
          -0.818181818182          -1326.272603147810          -1326.067234084731
          -0.816226783969          -1326.278852721883          -1326.073503573314
          -0.814271749756          -1326.285042225501          -1326.079713011162
          -0.812316715543          -1326.291171577443          -1326.085862317718
          -0.810361681329          -1326.297240696485          -1326.091951412427
          -0.808406647116          -1326.303249501407          -1326.097980214732
          -0.806451612903          -1326.309197910986          -1326.103948644076
          -0.804496578690          -1326.315085844002          -1326.109856619904
          -0.802541544477          -1326.320913219231          -1326.115704061659
          -0.800586510264          -1326.326679955454          -1326.121490888784
          -0.798631476051          -1326.332385971447          -1326.127217020725
          -0.796676441838          -1326.338031185989          -1326.132882376924
          -0.794721407625          -1326.343615517859          -1326.138486876825
          -0.792766373412          -1326.349138885834          -1326.144030439871
          -0.790811339198          -1326.354601208693          -1326.149512985507
          -0.788856304985          -1326.360002405214          -1326.154934433177
          -0.786901270772          -1326.365342394176          -1326.160294702323
          -0.784946236559          -1326.370621094356          -1326.165593712391
          -0.782991202346          -1326.375838424533          -1326.170831382822
          -0.781036168133          -1326.380994303485          -1326.176007633063
          -0.779081133920          -1326.386088649991          -1326.181122382555
          -0.777126099707          -1326.391121382828          -1326.186175550742
          -0.775171065494          -1326.396092420775          -1326.191167057069
          -0.773216031281          -1326.401001682611          -1326.196096820980
          -0.771260997067          -1326.405849087113          -1326.200964761917
          -0.769305962854          -1326.410634553060          -1326.205770799325
          -0.767350928641          -1326.415357999230          -1326.210514852647
          -0.765395894428          -1326.420019344401          -1326.215196841328
          -0.763440860215          -1326.424618507351          -1326.219816684810
          -0.761485826002          -1326.429155406860          -1326.224374302538
          -0.759530791789          -1326.433629961704          -1326.228869613955
          -0.757575757576          -1326.438042090663          -1326.233302538505
          -0.755620723363          -1326.442391712515          -1326.237672995633
          -0.753665689150          -1326.446678746037          -1326.241980904780
          -0.751710654936          -1326.450903110008          -1326.246226185392
          -0.749755620723          -1326.455064723207          -1326.250408756912
          -0.747800586510          -1326.459163504412          -1326.254528538783
          -0.745845552297          -1326.463199372400          -1326.258585450450
          -0.743890518084          -1326.467172245951          -1326.262579411357
          -0.741935483871          -1326.471082043842          -1326.266510340946
          -0.739980449658          -1326.474928684851          -1326.270378158662
          -0.738025415445          -1326.478712114911          -1326.274182811104
          -0.736070381232          -1326.482432748402          -1326.277924713370
          -0.734115347019          -1326.486091395016          -1326.281604675911
          -0.732160312805          -1326.489688876837          -1326.285223521568
          -0.730205278592          -1326.493226015951          -1326.288782073187
          -0.728250244379          -1326.496703634439          -1326.292281153608
          -0.726295210166          -1326.500122554389          -1326.295721585678
          -0.724340175953          -1326.503483597883          -1326.299104192238
          -0.722385141740          -1326.506787587007          -1326.302429796132
          -0.720430107527          -1326.510035343844          -1326.305699220204
          -0.718475073314          -1326.513227690478          -1326.308913287297
          -0.716520039101          -1326.516365448995          -1326.312072820253
          -0.714565004888          -1326.519449441478          -1326.315178641918
          -0.712609970674          -1326.522480490012          -1326.318231575133
          -0.710654936461          -1326.525459416682          -1326.321232442743
          -0.708699902248          -1326.528387043571          -1326.324182067591
          -0.706744868035          -1326.531264192764          -1326.327081272520
          -0.704789833822          -1326.534091686345          -1326.329930880373
          -0.702834799609          -1326.536870346399          -1326.332731713994
          -0.700879765396          -1326.539600995010          -1326.335484596227
          -0.698924731183          -1326.542284454262          -1326.338190349914
          -0.696969696970          -1326.544921546239          -1326.340849797900
          -0.695014662757          -1326.547513093027          -1326.343463763026
          -0.693059628543          -1326.550059916709          -1326.346033068138
          -0.691104594330          -1326.552562839370          -1326.348558536078
          -0.689149560117          -1326.555022683094          -1326.351040989689
          -0.687194525904          -1326.557440269965          -1326.353481251816
          -0.685239491691          -1326.559816422068          -1326.355880145300
          -0.683284457478          -1326.562151961488          -1326.358238492987
          -0.681329423265          -1326.564447710307          -1326.360557117718
          -0.679374389052          -1326.566704490612          -1326.362836842339
          -0.677419354839          -1326.568923124486          -1326.365078489691
          -0.675464320626          -1326.571104434013          -1326.367282882618
          -0.673509286413          -1326.573249241279          -1326.369450843964
          -0.671554252199          -1326.575358368366          -1326.371583196572
          -0.669599217986          -1326.577432637360          -1326.373680763285
          -0.667644183773          -1326.579472870345          -1326.375744366947
          -0.665689149560          -1326.581479889405          -1326.377774830402
          -0.663734115347          -1326.583454516625          -1326.379772976491
          -0.661779081134          -1326.585397574089          -1326.381739628060
          -0.659824046921          -1326.587309883881          -1326.383675607952
          -0.657869012708          -1326.589192268086          -1326.385581739009
          -0.655913978495          -1326.591045548788          -1326.387458844074
          -0.653958944282          -1326.592870548071          -1326.389307745993
          -0.652003910068          -1326.594668087954          -1326.391129267541
          -0.650048875855          -1326.596438862317          -1326.392924103355
          -0.648093841642          -1326.598183169491          -1326.394692552508
          -0.646138807429          -1326.599901231722          -1326.396434837989
          -0.644183773216          -1326.601593271258          -1326.398151182786
          -0.642228739003          -1326.603259510347          -1326.399841809888
          -0.640273704790          -1326.604900171234          -1326.401506942283
          -0.638318670577          -1326.606515476166          -1326.403146802959
          -0.636363636364          -1326.608105647392          -1326.404761614905
          -0.634408602151          -1326.609670907158          -1326.406351601109
          -0.632453567937          -1326.611211477711          -1326.407916984560
          -0.630498533724          -1326.612727581298          -1326.409457988245
          -0.628543499511          -1326.614219440167          -1326.410974835153
          -0.626588465298          -1326.615687276563          -1326.412467748272
          -0.624633431085          -1326.617131312735          -1326.413936950591
          -0.622678396872          -1326.618551770929          -1326.415382665099
          -0.620723362659          -1326.619948873393          -1326.416805114783
          -0.618768328446          -1326.621322842373          -1326.418204522631
          -0.616813294233          -1326.622673900116          -1326.419581111633
          -0.614858260020          -1326.624002268870          -1326.420935104776
          -0.612903225806          -1326.625308170881          -1326.422266725049
          -0.610948191593          -1326.626591828398          -1326.423576195441
          -0.608993157380          -1326.627853463666          -1326.424863738939
          -0.607038123167          -1326.629093298932          -1326.426129578532
          -0.605083088954          -1326.630311556445          -1326.427373937208
          -0.603128054741          -1326.631508458450          -1326.428597037955
          -0.601173020528          -1326.632684227195          -1326.429799103763
          -0.599217986315          -1326.633839084927          -1326.430980357619
          -0.597262952102          -1326.634973253893          -1326.432141022512
          -0.595307917889          -1326.636086956340          -1326.433281321429
          -0.593352883675          -1326.637180414515          -1326.434401477360
          -0.591397849462          -1326.638253850665          -1326.435501713293
          -0.589442815249          -1326.639307487037          -1326.436582252215
          -0.587487781036          -1326.640341545879          -1326.437643317116
          -0.585532746823          -1326.641356249437          -1326.438685130983
          -0.583577712610          -1326.642351819957          -1326.439707916806
          -0.581622678397          -1326.643328479689          -1326.440711897572
          -0.579667644184          -1326.644286450878          -1326.441697296270
          -0.577712609971          -1326.645225955771          -1326.442664335888
          -0.575757575758          -1326.646147216616          -1326.443613239415
          -0.573802541544          -1326.647050455659          -1326.444544229838
          -0.571847507331          -1326.647935895148          -1326.445457530146
          -0.569892473118          -1326.648803757329          -1326.446353363328
          -0.567937438905          -1326.649654264451          -1326.447231952372
          -0.565982404692          -1326.650487638759          -1326.448093520266
          -0.564027370479          -1326.651304101446          -1326.448938288980
          -0.562072336266          -1326.652103858453          -1326.449766465750
          -0.560117302053          -1326.652887104234          -1326.450578246718
          -0.558162267840          -1326.653654032965          -1326.451373827758
          -0.556207233627          -1326.654404838823          -1326.452153404740
          -0.554252199413          -1326.655139715982          -1326.452917173537
          -0.552297165200          -1326.655858858617          -1326.453665330020
          -0.550342130987          -1326.656562460905          -1326.454398070062
          -0.548387096774          -1326.657250717020          -1326.455115589536
          -0.546432062561          -1326.657923821138          -1326.455818084311
          -0.544477028348          -1326.658581967436          -1326.456505750263
          -0.542521994135          -1326.659225350087          -1326.457178783260
          -0.540566959922          -1326.659854163268          -1326.457837379177
          -0.538611925709          -1326.660468601154          -1326.458481733884
          -0.536656891496          -1326.661068857920          -1326.459112043254
          -0.534701857283          -1326.661655127742          -1326.459728503159
          -0.532746823069          -1326.662227604796          -1326.460331309471
          -0.530791788856          -1326.662786483257          -1326.460920658062
          -0.528836754643          -1326.663331957300          -1326.461496744804
          -0.526881720430          -1326.663864221101          -1326.462059765569
          -0.524926686217          -1326.664383468835          -1326.462609916229
          -0.522971652004          -1326.664889894678          -1326.463147392655
          -0.521016617791          -1326.665383692805          -1326.463672390721
          -0.519061583578          -1326.665865057392          -1326.464185106298
          -0.517106549365          -1326.666334182614          -1326.464685735257
          -0.515151515152          -1326.666791262647          -1326.465174473472
          -0.513196480938          -1326.667236491666          -1326.465651516814
          -0.511241446725          -1326.667670063846          -1326.466117061154
          -0.509286412512          -1326.668092173364          -1326.466571302366
          -0.507331378299          -1326.668503014394          -1326.467014436321
          -0.505376344086          -1326.668902781112          -1326.467446658891
          -0.503421309873          -1326.669291667694          -1326.467868165947
          -0.501466275660          -1326.669669868314          -1326.468279153363
          -0.499511241447          -1326.670037577149          -1326.468679817010
          -0.497556207234          -1326.670394988374          -1326.469070352760
          -0.495601173021          -1326.670742296164          -1326.469450956486
          -0.493646138807          -1326.671079694695          -1326.469821824058
          -0.491691104594          -1326.671407378142          -1326.470183151350
          -0.489736070381          -1326.671725540681          -1326.470535134232
          -0.487781036168          -1326.672034376488          -1326.470877968578
          -0.485826001955          -1326.672334079736          -1326.471211850259
          -0.483870967742          -1326.672624844603          -1326.471536975147
          -0.481915933529          -1326.672906865264          -1326.471853539114
          -0.479960899316          -1326.673180335893          -1326.472161738033
          -0.478005865103          -1326.673445450632          -1326.472461767739
          -0.476050830890          -1326.673702380243          -1326.472753800680
          -0.474095796676          -1326.673951231935          -1326.473037945713
          -0.472140762463          -1326.674192102212          -1326.473314300988
          -0.470185728250          -1326.674425087581          -1326.473582964654
          -0.468230694037          -1326.674650284548          -1326.473844034860
          -0.466275659824          -1326.674867789620          -1326.474097609757
          -0.464320625611          -1326.675077699300          -1326.474343787494
          -0.462365591398          -1326.675280110097          -1326.474582666220
          -0.460410557185          -1326.675475118516          -1326.474814344085
          -0.458455522972          -1326.675662821062          -1326.475038919239
          -0.456500488759          -1326.675843314243          -1326.475256489831
          -0.454545454545          -1326.676016694563          -1326.475467154011
          -0.452590420332          -1326.676183058529          -1326.475671009928
          -0.450635386119          -1326.676342502646          -1326.475868155733
          -0.448680351906          -1326.676495123421          -1326.476058689574
          -0.446725317693          -1326.676641017360          -1326.476242709602
          -0.444770283480          -1326.676780280969          -1326.476420313965
          -0.442815249267          -1326.676913010753          -1326.476591600813
          -0.440860215054          -1326.677039303218          -1326.476756668297
          -0.438905180841          -1326.677159254872          -1326.476915614565
          -0.436950146628          -1326.677272962219          -1326.477068537768
          -0.434995112414          -1326.677380521765          -1326.477215536054
          -0.433040078201          -1326.677482030017          -1326.477356707573
          -0.431085043988          -1326.677577583481          -1326.477492150476
          -0.429130009775          -1326.677667278662          -1326.477621962912
          -0.427174975562          -1326.677751212066          -1326.477746243029
          -0.425219941349          -1326.677829480200          -1326.477865088978
          -0.423264907136          -1326.677902179569          -1326.477978598909
          -0.421309872923          -1326.677969406680          -1326.478086870970
          -0.419354838710          -1326.678031258038          -1326.478190003312
          -0.417399804497          -1326.678087830149          -1326.478288094085
          -0.415444770283          -1326.678139219520          -1326.478381241437
          -0.413489736070          -1326.678185522656          -1326.478469543518
          -0.411534701857          -1326.678226836063          -1326.478553098479
          -0.409579667644          -1326.678263256247          -1326.478632004467
          -0.407624633431          -1326.678294879715          -1326.478706359635
          -0.405669599218          -1326.678321802972          -1326.478776262129
          -0.403714565005          -1326.678344122524          -1326.478841810101
          -0.401759530792          -1326.678361934877          -1326.478903101701
          -0.399804496579          -1326.678375336538          -1326.478960235076
          -0.397849462366          -1326.678384424011          -1326.479013308378
          -0.395894428152          -1326.678389293804          -1326.479062419755
          -0.393939393939          -1326.678390042422          -1326.479107667358
          -0.391984359726          -1326.678386766370          -1326.479149149335
          -0.390029325513          -1326.678379560549          -1326.479186962180
          -0.388074291300          -1326.678368500148          -1326.479221182052
          -0.386119257087          -1326.678353647132          -1326.479251871474
          -0.384164222874          -1326.678335063223          -1326.479279092714
          -0.382209188661          -1326.678312810144          -1326.479302908041
          -0.380254154448          -1326.678286949616          -1326.479323379723
          -0.378299120235          -1326.678257543361          -1326.479340570030
          -0.376344086022          -1326.678224653100          -1326.479354541232
          -0.374389051808          -1326.678188340556          -1326.479365355596
          -0.372434017595          -1326.678148667450          -1326.479373075392
          -0.370478983382          -1326.678105695504          -1326.479377762888
          -0.368523949169          -1326.678059486440          -1326.479379480354
          -0.366568914956          -1326.678010101979          -1326.479378290059
          -0.364613880743          -1326.677957603844          -1326.479374254271
          -0.362658846530          -1326.677902053757          -1326.479367435260
          -0.360703812317          -1326.677843513438          -1326.479357895295
          -0.358748778104          -1326.677782044610          -1326.479345696644
          -0.356793743891          -1326.677717708995          -1326.479330901576
          -0.354838709677          -1326.677650568314          -1326.479313572361
          -0.352883675464          -1326.677580684289          -1326.479293771267
          -0.350928641251          -1326.677508118643          -1326.479271560564
          -0.348973607038          -1326.677432933096          -1326.479247002520
          -0.347018572825          -1326.677355189371          -1326.479220159404
          -0.345063538612          -1326.677274949189          -1326.479191093485
          -0.343108504399          -1326.677192274273          -1326.479159867033
          -0.341153470186          -1326.677107226343          -1326.479126542315
          -0.339198435973          -1326.677019867123          -1326.479091181602
          -0.337243401760          -1326.676930258333          -1326.479053847162
          -0.335288367546          -1326.676838461695          -1326.479014601264
          -0.333333333333          -1326.676744538932          -1326.478973506177
          -0.331378299120          -1326.676648551764          -1326.478930624170
          -0.329423264907          -1326.676550561914          -1326.478886017512
          -0.327468230694          -1326.676450631104          -1326.478839748471
          -0.325513196481          -1326.676348821056          -1326.478791879317
          -0.323558162268          -1326.676245193490          -1326.478742472320
          -0.321603128055          -1326.676139810130          -1326.478691589747
          -0.319648093842          -1326.676032732696          -1326.478639293867
          -0.317693059629          -1326.675924022911          -1326.478585646951
          -0.315738025415          -1326.675813742497          -1326.478530711266
          -0.313782991202          -1326.675701953175          -1326.478474549082
          -0.311827956989          -1326.675588716666          -1326.478417222667
          -0.309872922776          -1326.675474094694          -1326.478358794291
          -0.307917888563          -1326.675358148978          -1326.478299326222
          -0.305962854350          -1326.675240941243          -1326.478238880730
          -0.304007820137          -1326.675122533184          -1326.478177520058
          -0.302052785924          -1326.675002979135          -1326.478115298728
          -0.300097751711          -1326.674882315745          -1326.478052252726
          -0.298142717498          -1326.674760577067          -1326.477988415316
          -0.296187683284          -1326.674637797152          -1326.477923819757
          -0.294232649071          -1326.674514010051          -1326.477858499312
          -0.292277614858          -1326.674389249816          -1326.477792487243
          -0.290322580645          -1326.674263550500          -1326.477725816810
          -0.288367546432          -1326.674136946152          -1326.477658521276
          -0.286412512219          -1326.674009470825          -1326.477590633903
          -0.284457478006          -1326.673881158570          -1326.477522187951
          -0.282502443793          -1326.673752043439          -1326.477453216683
          -0.280547409580          -1326.673622159483          -1326.477383753361
          -0.278592375367          -1326.673491540754          -1326.477313831246
          -0.276637341153          -1326.673360221304          -1326.477243483599
          -0.274682306940          -1326.673228235184          -1326.477172743683
          -0.272727272727          -1326.673095616445          -1326.477101644758
          -0.270772238514          -1326.672962399140          -1326.477030220087
          -0.268817204301          -1326.672828617319          -1326.476958502932
          -0.266862170088          -1326.672694305034          -1326.476886526553
          -0.264907135875          -1326.672559496337          -1326.476814324213
          -0.262952101662          -1326.672424225280          -1326.476741929174
          -0.260997067449          -1326.672288525913          -1326.476669374696
          -0.259042033236          -1326.672152432289          -1326.476596694043
          -0.257086999022          -1326.672015978459          -1326.476523920474
          -0.255131964809          -1326.671879198474          -1326.476451087252
          -0.253176930596          -1326.671742126387          -1326.476378227639
          -0.251221896383          -1326.671604796248          -1326.476305374897
          -0.249266862170          -1326.671467242109          -1326.476232562286
          -0.247311827957          -1326.671329498022          -1326.476159823069
          -0.245356793744          -1326.671191598039          -1326.476087190507
          -0.243401759531          -1326.671053576210          -1326.476014697862
          -0.241446725318          -1326.670915466587          -1326.475942378396
          -0.239491691105          -1326.670777303223          -1326.475870265370
          -0.237536656891          -1326.670639120168          -1326.475798392046
          -0.235581622678          -1326.670500951474          -1326.475726791685
          -0.233626588465          -1326.670362831193          -1326.475655497550
          -0.231671554252          -1326.670224793376          -1326.475584542902
          -0.229716520039          -1326.670086872074          -1326.475513961002
          -0.227761485826          -1326.669949101340          -1326.475443785113
          -0.225806451613          -1326.669811515224          -1326.475374048495
          -0.223851417400          -1326.669674147779          -1326.475304784411
          -0.221896383187          -1326.669537033056          -1326.475236026122
          -0.219941348974          -1326.669400205107          -1326.475167806891
          -0.217986314761          -1326.669263697982          -1326.475100159977
          -0.216031280547          -1326.669127544802          -1326.475033117630
          -0.214076246334          -1326.668991768910          -1326.474966701454
          -0.212121212121          -1326.668856387811          -1326.474900926704
          -0.210166177908          -1326.668721418934          -1326.474835808546
          -0.208211143695          -1326.668586879705          -1326.474771362148
          -0.206256109482          -1326.668452787552          -1326.474707602677
          -0.204301075269          -1326.668319159904          -1326.474644545301
          -0.202346041056          -1326.668186014186          -1326.474582205187
          -0.200391006843          -1326.668053367827          -1326.474520597503
          -0.198435972630          -1326.667921238255          -1326.474459737416
          -0.196480938416          -1326.667789642896          -1326.474399640094
          -0.194525904203          -1326.667658599179          -1326.474340320704
          -0.192570869990          -1326.667528124530          -1326.474281794413
          -0.190615835777          -1326.667398236378          -1326.474224076390
          -0.188660801564          -1326.667268952150          -1326.474167181801
          -0.186705767351          -1326.667140289273          -1326.474111125814
          -0.184750733138          -1326.667012265175          -1326.474055923597
          -0.182795698925          -1326.666884897283          -1326.474001590316
          -0.180840664712          -1326.666758203025          -1326.473948141140
          -0.178885630499          -1326.666632199829          -1326.473895591236
          -0.176930596285          -1326.666506905122          -1326.473843955771
          -0.174975562072          -1326.666382336331          -1326.473793249913
          -0.173020527859          -1326.666258510884          -1326.473743488829
          -0.171065493646          -1326.666135446208          -1326.473694687687
          -0.169110459433          -1326.666013159732          -1326.473646861654
          -0.167155425220          -1326.665891668882          -1326.473600025898
          -0.165200391007          -1326.665770991086          -1326.473554195586
          -0.163245356794          -1326.665651143772          -1326.473509385886
          -0.161290322581          -1326.665532144366          -1326.473465611964
          -0.159335288368          -1326.665414010297          -1326.473422888990
          -0.157380254154          -1326.665296758993          -1326.473381232129
          -0.155425219941          -1326.665180407880          -1326.473340656550
          -0.153470185728          -1326.665064974386          -1326.473301177420
          -0.151515151515          -1326.664950475938          -1326.473262809906
          -0.149560117302          -1326.664836929966          -1326.473225569176
          -0.147605083089          -1326.664724353894          -1326.473189470398
          -0.145650048876          -1326.664612765152          -1326.473154528738
          -0.143695014663          -1326.664502181166          -1326.473120759365
          -0.141739980450          -1326.664392619365          -1326.473088177445
          -0.139784946237          -1326.664284097175          -1326.473056798146
          -0.137829912023          -1326.664176632025          -1326.473026636637
          -0.135874877810          -1326.664070241341          -1326.472997708083
          -0.133919843597          -1326.663964942552          -1326.472970027654
          -0.131964809384          -1326.663860753084          -1326.472943610515
          -0.130009775171          -1326.663757690345          -1326.472918471812
          -0.128054740958          -1326.663655768110          -1326.472894622817
          -0.126099706745          -1326.663554992443          -1326.472872066571
          -0.124144672532          -1326.663455368422          -1326.472850805062
          -0.122189638319          -1326.663356901124          -1326.472830840280
          -0.120234604106          -1326.663259595628          -1326.472812174215
          -0.118279569892          -1326.663163457010          -1326.472794808856
          -0.116324535679          -1326.663068490348          -1326.472778746190
          -0.114369501466          -1326.662974700719          -1326.472763988208
          -0.112414467253          -1326.662882093202          -1326.472750536900
          -0.110459433040          -1326.662790672873          -1326.472738394253
          -0.108504398827          -1326.662700444811          -1326.472727562257
          -0.106549364614          -1326.662611414092          -1326.472718042901
          -0.104594330401          -1326.662523585795          -1326.472709838174
          -0.102639296188          -1326.662436964998          -1326.472702950066
          -0.100684261975          -1326.662351556776          -1326.472697380565
          -0.098729227761          -1326.662267366209          -1326.472693131661
          -0.096774193548          -1326.662184398373          -1326.472690205342
          -0.094819159335          -1326.662102658347          -1326.472688603599
          -0.092864125122          -1326.662022151208          -1326.472688328420
          -0.090909090909          -1326.661942882032          -1326.472689381793
          -0.088954056696          -1326.661864855899          -1326.472691765709
          -0.086999022483          -1326.661788077885          -1326.472695482156
          -0.085043988270          -1326.661712553069          -1326.472700533124
          -0.083088954057          -1326.661638286527          -1326.472706920601
          -0.081133919844          -1326.661565283337          -1326.472714646578
          -0.079178885630          -1326.661493548577          -1326.472723713042
          -0.077223851417          -1326.661423087324          -1326.472734121983
          -0.075268817204          -1326.661353904657          -1326.472745875390
          -0.073313782991          -1326.661286005651          -1326.472758975252
          -0.071358748778          -1326.661219395386          -1326.472773423560
          -0.069403714565          -1326.661154078938          -1326.472789222300
          -0.067448680352          -1326.661090061386          -1326.472806373463
          -0.065493646139          -1326.661027347806          -1326.472824879038
          -0.063538611926          -1326.660965943277          -1326.472844741014
          -0.061583577713          -1326.660905852875          -1326.472865961380
          -0.059628543500          -1326.660847081679          -1326.472888542125
          -0.057673509286          -1326.660789634765          -1326.472912485238
          -0.055718475073          -1326.660733517213          -1326.472937792709
          -0.053763440860          -1326.660678734098          -1326.472964466526
          -0.051808406647          -1326.660625290499          -1326.472992508679
          -0.049853372434          -1326.660573191493          -1326.473021921157
          -0.047898338221          -1326.660522442158          -1326.473052705949
          -0.045943304008          -1326.660473047571          -1326.473084865043
          -0.043988269795          -1326.660425012810          -1326.473118400430
          -0.042033235582          -1326.660378342332          -1326.473153313483
          -0.040078201369          -1326.660333034988          -1326.473189600023
          -0.038123167155          -1326.660289086655          -1326.473227252921
          -0.036168132942          -1326.660246493182          -1326.473266265023
          -0.034213098729          -1326.660205250419          -1326.473306629175
          -0.032258064516          -1326.660165354215          -1326.473348338222
          -0.030303030303          -1326.660126800419          -1326.473391385010
          -0.028347996090          -1326.660089584881          -1326.473435762384
          -0.026392961877          -1326.660053703450          -1326.473481463189
          -0.024437927664          -1326.660019151976          -1326.473528480272
          -0.022482893451          -1326.659985926308          -1326.473576806476
          -0.020527859238          -1326.659954022295          -1326.473626434649
          -0.018572825024          -1326.659923435787          -1326.473677357635
          -0.016617790811          -1326.659894162632          -1326.473729568279
          -0.014662756598          -1326.659866198682          -1326.473783059429
          -0.012707722385          -1326.659839539784          -1326.473837823927
          -0.010752688172          -1326.659814181789          -1326.473893854621
          -0.008797653959          -1326.659790120545          -1326.473951144356
          -0.006842619746          -1326.659767351903          -1326.474009685977
          -0.004887585533          -1326.659745871711          -1326.474069472330
          -0.002932551320          -1326.659725675818          -1326.474130496259
          -0.000977517107          -1326.659706760076          -1326.474192750611
           0.000977517107          -1326.659689120331          -1326.474256228232
           0.002932551320          -1326.659672752435          -1326.474320921965
           0.004887585533          -1326.659657652236          -1326.474386824657
           0.006842619746          -1326.659643815584          -1326.474453929154
           0.008797653959          -1326.659631238329          -1326.474522228301
           0.010752688172          -1326.659619916318          -1326.474591714943
           0.012707722385          -1326.659609845403          -1326.474662381925
           0.014662756598          -1326.659601021432          -1326.474734222094
           0.016617790811          -1326.659593440255          -1326.474807228294
           0.018572825024          -1326.659587097721          -1326.474881393372
           0.020527859238          -1326.659581989680          -1326.474956710173
           0.022482893451          -1326.659578111981          -1326.475033171541
           0.024437927664          -1326.659575460473          -1326.475110770323
           0.026392961877          -1326.659574031005          -1326.475189499364
           0.028347996090          -1326.659573819428          -1326.475269351509
           0.030303030303          -1326.659574821590          -1326.475350319604
           0.032258064516          -1326.659577033341          -1326.475432396494
           0.034213098729          -1326.659580450531          -1326.475515575026
           0.036168132942          -1326.659585069008          -1326.475599848043
           0.038123167155          -1326.659590884623          -1326.475685208393
           0.040078201369          -1326.659597893223          -1326.475771648920
           0.042033235582          -1326.659606090660          -1326.475859162469
           0.043988269795          -1326.659615472759          -1326.475947741867
           0.045943304008          -1326.659626032968          -1326.476037377784
           0.047898338221          -1326.659637760241          -1326.476128056833
           0.049853372434          -1326.659650643038          -1326.476219765175
           0.051808406647          -1326.659664669817          -1326.476312488973
           0.053763440860          -1326.659679829038          -1326.476406214389
           0.055718475073          -1326.659696109159          -1326.476500927584
           0.057673509286          -1326.659713498640          -1326.476596614722
           0.059628543500          -1326.659731985939          -1326.476693261964
           0.061583577713          -1326.659751559516          -1326.476790855473
           0.063538611926          -1326.659772207829          -1326.476889381410
           0.065493646139          -1326.659793919337          -1326.476988825937
           0.067448680352          -1326.659816682499          -1326.477089175218
           0.069403714565          -1326.659840485775          -1326.477190415414
           0.071358748778          -1326.659865317622          -1326.477292532686
           0.073313782991          -1326.659891166501          -1326.477395513198
           0.075268817204          -1326.659918020870          -1326.477499343112
           0.077223851417          -1326.659945869188          -1326.477604008589
           0.079178885630          -1326.659974699914          -1326.477709495791
           0.081133919844          -1326.660004501507          -1326.477815790882
           0.083088954057          -1326.660035262425          -1326.477922880022
           0.085043988270          -1326.660066971129          -1326.478030749375
           0.086999022483          -1326.660099616077          -1326.478139385102
           0.088954056696          -1326.660133185726          -1326.478248773365
           0.090909090909          -1326.660167668538          -1326.478358900328
           0.092864125122          -1326.660203052971          -1326.478469752150
           0.094819159335          -1326.660239327483          -1326.478581314996
           0.096774193548          -1326.660276480534          -1326.478693575026
           0.098729227761          -1326.660314500582          -1326.478806518404
           0.100684261975          -1326.660353376087          -1326.478920131292
           0.102639296188          -1326.660393095507          -1326.479034399850
           0.104594330401          -1326.660433647302          -1326.479149310242
           0.106549364614          -1326.660475019930          -1326.479264848630
           0.108504398827          -1326.660517201850          -1326.479381001177
           0.110459433040          -1326.660560181522          -1326.479497754042
           0.112414467253          -1326.660603947404          -1326.479615093391
           0.114369501466          -1326.660648487955          -1326.479733005383
           0.116324535679          -1326.660693791634          -1326.479851476182
           0.118279569892          -1326.660739846901          -1326.479970491950
           0.120234604106          -1326.660786642213          -1326.480090038848
           0.122189638319          -1326.660834166031          -1326.480210103039
           0.124144672532          -1326.660882406812          -1326.480330670686
           0.126099706745          -1326.660931353017          -1326.480451727949
           0.128054740958          -1326.660980993103          -1326.480573260993
           0.130009775171          -1326.661031315530          -1326.480695255977
           0.131964809384          -1326.661082308320          -1326.480817698727
           0.133919843597          -1326.661133956074          -1326.480940572422
           0.135874877810          -1326.661186241785          -1326.481063858997
           0.137829912023          -1326.661239148435          -1326.481187540379
           0.139784946237          -1326.661292659008          -1326.481311598496
           0.141739980450          -1326.661346756486          -1326.481436015276
           0.143695014663          -1326.661401423853          -1326.481560772646
           0.145650048876          -1326.661456644090          -1326.481685852534
           0.147605083089          -1326.661512400181          -1326.481811236867
           0.149560117302          -1326.661568675109          -1326.481936907573
           0.151515151515          -1326.661625451857          -1326.482062846580
           0.153470185728          -1326.661682713407          -1326.482189035814
           0.155425219941          -1326.661740442743          -1326.482315457205
           0.157380254154          -1326.661798622848          -1326.482442092678
           0.159335288368          -1326.661857236703          -1326.482568924162
           0.161290322581          -1326.661916267293          -1326.482695933585
           0.163245356794          -1326.661975697600          -1326.482823102874
           0.165200391007          -1326.662035510607          -1326.482950413956
           0.167155425220          -1326.662095689296          -1326.483077848759
           0.169110459433          -1326.662156216651          -1326.483205389212
           0.171065493646          -1326.662217075655          -1326.483333017240
           0.173020527859          -1326.662278249290          -1326.483460714772
           0.174975562072          -1326.662339720540          -1326.483588463736
           0.176930596285          -1326.662401472387          -1326.483716246059
           0.178885630499          -1326.662463487813          -1326.483844043669
           0.180840664712          -1326.662525749803          -1326.483971838492
           0.182795698925          -1326.662588241339          -1326.484099612458
           0.184750733138          -1326.662650945403          -1326.484227347492
           0.186705767351          -1326.662713844980          -1326.484355025524
           0.188660801564          -1326.662776923051          -1326.484482628481
           0.190615835777          -1326.662840162599          -1326.484610138289
           0.192570869990          -1326.662903546607          -1326.484737536877
           0.194525904203          -1326.662967058059          -1326.484864806172
           0.196480938416          -1326.663030679936          -1326.484991928103
           0.198435972630          -1326.663094395223          -1326.485118884596
           0.200391006843          -1326.663158186902          -1326.485245657579
           0.202346041056          -1326.663222037955          -1326.485372228979
           0.204301075269          -1326.663285931366          -1326.485498580724
           0.206256109482          -1326.663349850117          -1326.485624694743
           0.208211143695          -1326.663413777192          -1326.485750552961
           0.210166177908          -1326.663477695573          -1326.485876137308
           0.212121212121          -1326.663541588243          -1326.486001429710
           0.214076246334          -1326.663605438185          -1326.486126412095
           0.216031280547          -1326.663669228382          -1326.486251066391
           0.217986314761          -1326.663732941803          -1326.486375374515
           0.219941348974          -1326.663796560331          -1326.486499317620
           0.221896383187          -1326.663860064037          -1326.486622875579
           0.223851417400          -1326.663923432817          -1326.486746028142
           0.225806451613          -1326.663986646569          -1326.486868755062
           0.227761485826          -1326.664049685188          -1326.486991036089
           0.229716520039          -1326.664112528572          -1326.487112850973
           0.231671554252          -1326.664175156618          -1326.487234179466
           0.233626588465          -1326.664237549221          -1326.487355001319
           0.235581622678          -1326.664299686280          -1326.487475296283
           0.237536656891          -1326.664361547690          -1326.487595044108
           0.239491691105          -1326.664423113348          -1326.487714224546
           0.241446725318          -1326.664484363151          -1326.487832817347
           0.243401759531          -1326.664545276996          -1326.487950802263
           0.245356793744          -1326.664605834780          -1326.488068159045
           0.247311827957          -1326.664666016399          -1326.488184867442
           0.249266862170          -1326.664725801750          -1326.488300907207
           0.251221896383          -1326.664785170730          -1326.488416258091
           0.253176930596          -1326.664844103235          -1326.488530899843
           0.255131964809          -1326.664902579162          -1326.488644812216
           0.257086999022          -1326.664960578408          -1326.488757974960
           0.259042033236          -1326.665018080870          -1326.488870367827
           0.260997067449          -1326.665075066444          -1326.488981970566
           0.262952101662          -1326.665131515028          -1326.489092762929
           0.264907135875          -1326.665187406517          -1326.489202724668
           0.266862170088          -1326.665242720809          -1326.489311835532
           0.268817204301          -1326.665297437801          -1326.489420075273
           0.270772238514          -1326.665351537388          -1326.489527423642
           0.272727272727          -1326.665404999469          -1326.489633860391
           0.274682306940          -1326.665457803938          -1326.489739365268
           0.276637341153          -1326.665509930694          -1326.489843918027
           0.278592375367          -1326.665561359634          -1326.489947498417
           0.280547409580          -1326.665612070653          -1326.490050086190
           0.282502443793          -1326.665662043648          -1326.490151661096
           0.284457478006          -1326.665711258517          -1326.490252202887
           0.286412512219          -1326.665759695156          -1326.490351691313
           0.288367546432          -1326.665807333462          -1326.490450106126
           0.290322580645          -1326.665854153330          -1326.490547427077
           0.292277614858          -1326.665900134660          -1326.490643633915
           0.294232649071          -1326.665945257346          -1326.490738706394
           0.296187683284          -1326.665989501286          -1326.490832624262
           0.298142717498          -1326.666032846376          -1326.490925367271
           0.300097751711          -1326.666075272513          -1326.491016915173
           0.302052785924          -1326.666116759595          -1326.491107247718
           0.304007820137          -1326.666157287516          -1326.491196344657
           0.305962854350          -1326.666196836218          -1326.491284185872
           0.307917888563          -1326.666235385929          -1326.491370752139
           0.309872922776          -1326.666272916999          -1326.491456024604
           0.311827956989          -1326.666309409778          -1326.491539984416
           0.313782991202          -1326.666344844616          -1326.491622612723
           0.315738025415          -1326.666379201863          -1326.491703890673
           0.317693059629          -1326.666412461870          -1326.491783799415
           0.319648093842          -1326.666444604988          -1326.491862320096
           0.321603128055          -1326.666475611565          -1326.491939433865
           0.323558162268          -1326.666505461952          -1326.492015121870
           0.325513196481          -1326.666534136500          -1326.492089365260
           0.327468230694          -1326.666561615558          -1326.492162145183
           0.329423264907          -1326.666587879478          -1326.492233442787
           0.331378299120          -1326.666612908607          -1326.492303239219
           0.333333333333          -1326.666636683299          -1326.492371515630
           0.335288367546          -1326.666659183902          -1326.492438253166
           0.337243401760          -1326.666680390767          -1326.492503432976
           0.339198435973          -1326.666700284243          -1326.492567036209
           0.341153470186          -1326.666718844682          -1326.492629044012
           0.343108504399          -1326.666736052432          -1326.492689437533
           0.345063538612          -1326.666751887846          -1326.492748197922
           0.347018572825          -1326.666766331272          -1326.492805306327
           0.348973607038          -1326.666779363060          -1326.492860743895
           0.350928641251          -1326.666790963562          -1326.492914491774
           0.352883675464          -1326.666801113127          -1326.492966531114
           0.354838709677          -1326.666809792105          -1326.493016843062
           0.356793743891          -1326.666816980847          -1326.493065408766
           0.358748778104          -1326.666822659703          -1326.493112209376
           0.360703812317          -1326.666826809023          -1326.493157226038
           0.362658846530          -1326.666829409157          -1326.493200439902
           0.364613880743          -1326.666830440455          -1326.493241832116
           0.366568914956          -1326.666829883268          -1326.493281383827
           0.368523949169          -1326.666827717946          -1326.493319076185
           0.370478983382          -1326.666823924839          -1326.493354890337
           0.372434017595          -1326.666818484297          -1326.493388807432
           0.374389051808          -1326.666811376671          -1326.493420808617
           0.376344086022          -1326.666802582310          -1326.493450875042
           0.378299120235          -1326.666792081565          -1326.493478987853
           0.380254154448          -1326.666779854786          -1326.493505128201
           0.382209188661          -1326.666765882323          -1326.493529277233
           0.384164222874          -1326.666750144527          -1326.493551416097
           0.386119257087          -1326.666732621748          -1326.493571525941
           0.388074291300          -1326.666713294335          -1326.493589587914
           0.390029325513          -1326.666692142639          -1326.493605583164
           0.391984359726          -1326.666669147042          -1326.493619492874
           0.393939393939          -1326.666644289669          -1326.493631300113
           0.395894428152          -1326.666617555238          -1326.493640990761
           0.397849462366          -1326.666588928679          -1326.493648550926
           0.399804496579          -1326.666558394925          -1326.493653966719
           0.401759530792          -1326.666525938905          -1326.493657224246
           0.403714565005          -1326.666491545550          -1326.493658309619
           0.405669599218          -1326.666455199791          -1326.493657208945
           0.407624633431          -1326.666416886559          -1326.493653908334
           0.409579667644          -1326.666376590785          -1326.493648393895
           0.411534701857          -1326.666334297398          -1326.493640651737
           0.413489736070          -1326.666289991331          -1326.493630667967
           0.415444770283          -1326.666243657514          -1326.493618428697
           0.417399804497          -1326.666195280877          -1326.493603920033
           0.419354838710          -1326.666144846351          -1326.493587128087
           0.421309872923          -1326.666092338868          -1326.493568038966
           0.423264907136          -1326.666037743357          -1326.493546638779
           0.425219941349          -1326.665981044750          -1326.493522913636
           0.427174975562          -1326.665922227977          -1326.493496849645
           0.429130009775          -1326.665861277970          -1326.493468432916
           0.431085043988          -1326.665798179658          -1326.493437649556
           0.433040078201          -1326.665732917973          -1326.493404485677
           0.434995112414          -1326.665665477845          -1326.493368927385
           0.436950146628          -1326.665595844205          -1326.493330960791
           0.438905180841          -1326.665524001984          -1326.493290572003
           0.440860215054          -1326.665449936113          -1326.493247747130
           0.442815249267          -1326.665373631522          -1326.493202472282
           0.444770283480          -1326.665295073143          -1326.493154733567
           0.446725317693          -1326.665214245905          -1326.493104517093
           0.448680351906          -1326.665131134740          -1326.493051808971
           0.450635386119          -1326.665045724578          -1326.492996595309
           0.452590420332          -1326.664958000350          -1326.492938862217
           0.454545454545          -1326.664867946988          -1326.492878595802
           0.456500488759          -1326.664775549421          -1326.492815782174
           0.458455522972          -1326.664680792581          -1326.492750407442
           0.460410557185          -1326.664583661398          -1326.492682457716
           0.462365591398          -1326.664484140802          -1326.492611919103
           0.464320625611          -1326.664382215726          -1326.492538777713
           0.466275659824          -1326.664277871099          -1326.492463019655
           0.468230694037          -1326.664171091852          -1326.492384631038
           0.470185728250          -1326.664061862916          -1326.492303597971
           0.472140762463          -1326.663950169222          -1326.492219906563
           0.474095796676          -1326.663835995700          -1326.492133542922
           0.476050830890          -1326.663719327282          -1326.492044493159
           0.478005865103          -1326.663600148898          -1326.491952743381
           0.479960899316          -1326.663478446436          -1326.491858280633
           0.481915933529          -1326.663354211472          -1326.491761097515
           0.483870967742          -1326.663227437675          -1326.491661188671
           0.485826001955          -1326.663098118714          -1326.491558548746
           0.487781036168          -1326.662966248261          -1326.491453172386
           0.489736070381          -1326.662831819988          -1326.491345054239
           0.491691104594          -1326.662694827564          -1326.491234188950
           0.493646138807          -1326.662555264661          -1326.491120571165
           0.495601173021          -1326.662413124949          -1326.491004195531
           0.497556207234          -1326.662268402100          -1326.490885056694
           0.499511241447          -1326.662121089784          -1326.490763149301
           0.501466275660          -1326.661971181673          -1326.490638467997
           0.503421309873          -1326.661818671437          -1326.490511007429
           0.505376344086          -1326.661663552748          -1326.490380762243
           0.507331378299          -1326.661505819276          -1326.490247727086
           0.509286412512          -1326.661345464692          -1326.490111896603
           0.511241446725          -1326.661182482667          -1326.489973265442
           0.513196480938          -1326.661016866873          -1326.489831828247
           0.515151515152          -1326.660848610979          -1326.489687579667
           0.517106549365          -1326.660677708657          -1326.489540514346
           0.519061583578          -1326.660504153579          -1326.489390626931
           0.521016617791          -1326.660327939413          -1326.489237912068
           0.522971652004          -1326.660149059833          -1326.489082364404
           0.524926686217          -1326.659967508508          -1326.488923978585
           0.526881720430          -1326.659783279110          -1326.488762749257
           0.528836754643          -1326.659596365309          -1326.488598671066
           0.530791788856          -1326.659406760778          -1326.488431738659
           0.532746823069          -1326.659214459185          -1326.488261946683
           0.534701857283          -1326.659019454203          -1326.488089289782
           0.536656891496          -1326.658821739502          -1326.487913762604
           0.538611925709          -1326.658621308753          -1326.487735359795
           0.540566959922          -1326.658418155627          -1326.487554076001
           0.542521994135          -1326.658212273796          -1326.487369905868
           0.544477028348          -1326.658003656929          -1326.487182844043
           0.546432062561          -1326.657792298699          -1326.486992885171
           0.548387096774          -1326.657578192775          -1326.486800023900
           0.550342130987          -1326.657361332829          -1326.486604254875
           0.552297165200          -1326.657141712532          -1326.486405572743
           0.554252199413          -1326.656919325555          -1326.486203972150
           0.556207233627          -1326.656694165568          -1326.485999447742
           0.558162267840          -1326.656466226243          -1326.485791994166
           0.560117302053          -1326.656235501250          -1326.485581606068
           0.562072336266          -1326.656001984261          -1326.485368278093
           0.564027370479          -1326.655765668947          -1326.485152004889
           0.565982404692          -1326.655526549097          -1326.484932781221
           0.567937438905          -1326.655284623394          -1326.484710606712
           0.569892473118          -1326.655039897021          -1326.484485487443
           0.571847507331          -1326.654792375607          -1326.484257429940
           0.573802541544          -1326.654542064783          -1326.484026440728
           0.575757575758          -1326.654288970180          -1326.483792526335
           0.577712609971          -1326.654033097428          -1326.483555693284
           0.579667644184          -1326.653774452157          -1326.483315948103
           0.581622678397          -1326.653513039998          -1326.483073297318
           0.583577712610          -1326.653248866582          -1326.482827747454
           0.585532746823          -1326.652981937539          -1326.482579305037
           0.587487781036          -1326.652712258500          -1326.482327976594
           0.589442815249          -1326.652439835094          -1326.482073768649
           0.591397849462          -1326.652164672954          -1326.481816687730
           0.593352883675          -1326.651886777708          -1326.481556740362
           0.595307917889          -1326.651606154988          -1326.481293933071
           0.597262952102          -1326.651322810425          -1326.481028272383
           0.599217986315          -1326.651036749648          -1326.480759764824
           0.601173020528          -1326.650747978288          -1326.480488416920
           0.603128054741          -1326.650456501975          -1326.480214235196
           0.605083088954          -1326.650162326342          -1326.479937226180
           0.607038123167          -1326.649865457017          -1326.479657396396
           0.608993157380          -1326.649565899631          -1326.479374752370
           0.610948191593          -1326.649263659815          -1326.479089300630
           0.612903225806          -1326.648958743199          -1326.478801047699
           0.614858260020          -1326.648651155414          -1326.478510000105
           0.616813294233          -1326.648340902090          -1326.478216164374
           0.618768328446          -1326.648027988858          -1326.477919547031
           0.620723362659          -1326.647712421348          -1326.477620154603
           0.622678396872          -1326.647394205191          -1326.477317993614
           0.624633431085          -1326.647073346018          -1326.477013070592
           0.626588465298          -1326.646749849458          -1326.476705392062
           0.628543499511          -1326.646423721143          -1326.476394964550
           0.630498533724          -1326.646094966703          -1326.476081794582
           0.632453567937          -1326.645763591767          -1326.475765888683
           0.634408602151          -1326.645429601968          -1326.475447253381
           0.636363636364          -1326.645093002936          -1326.475125895201
           0.638318670577          -1326.644753800300          -1326.474801820668
           0.640273704790          -1326.644411999692          -1326.474475036309
           0.642228739003          -1326.644067606742          -1326.474145548650
           0.644183773216          -1326.643720627080          -1326.473813364216
           0.646138807429          -1326.643371066337          -1326.473478489534
           0.648093841642          -1326.643018930144          -1326.473140931130
           0.650048875855          -1326.642664224130          -1326.472800695528
           0.652003910068          -1326.642306953928          -1326.472457789257
           0.653958944282          -1326.641947127177          -1326.472112220821
           0.655913978495          -1326.641584761978          -1326.471764009023
           0.657869012708          -1326.641219879818          -1326.471413176000
           0.659824046921          -1326.640852502183          -1326.471059743892
           0.661779081134          -1326.640482650562          -1326.470703734838
           0.663734115347          -1326.640110346445          -1326.470345170978
           0.665689149560          -1326.639735611318          -1326.469984074449
           0.667644183773          -1326.639358466670          -1326.469620467393
           0.669599217986          -1326.638978933990          -1326.469254371947
           0.671554252199          -1326.638597034766          -1326.468885810253
           0.673509286413          -1326.638212790485          -1326.468514804447
           0.675464320626          -1326.637826222638          -1326.468141376670
           0.677419354839          -1326.637437352710          -1326.467765549062
           0.679374389052          -1326.637046202191          -1326.467387343760
           0.681329423265          -1326.636652792569          -1326.467006782906
           0.683284457478          -1326.636257145332          -1326.466623888636
           0.685239491691          -1326.635859281969          -1326.466238683093
           0.687194525904          -1326.635459223968          -1326.465851188413
           0.689149560117          -1326.635056992817          -1326.465461426737
           0.691104594330          -1326.634652610004          -1326.465069420204
           0.693059628543          -1326.634246097018          -1326.464675190953
           0.695014662757          -1326.633837475346          -1326.464278761123
           0.696969696970          -1326.633426766478          -1326.463880152854
           0.698924731183          -1326.633013991900          -1326.463479388286
           0.700879765396          -1326.632599173103          -1326.463076489556
           0.702834799609          -1326.632182331573          -1326.462671478804
           0.704789833822          -1326.631763488800          -1326.462264378170
           0.706744868035          -1326.631342666270          -1326.461855209793
           0.708699902248          -1326.630919885474          -1326.461443995813
           0.710654936461          -1326.630495167898          -1326.461030758368
           0.712609970674          -1326.630068535031          -1326.460615519597
           0.714565004888          -1326.629640008362          -1326.460198301641
           0.716520039101          -1326.629209609379          -1326.459779126637
           0.718475073314          -1326.628777359569          -1326.459358016727
           0.720430107527          -1326.628343280421          -1326.458934994047
           0.722385141740          -1326.627907393424          -1326.458510080739
           0.724340175953          -1326.627469720066          -1326.458083298942
           0.726295210166          -1326.627030281835          -1326.457654670793
           0.728250244379          -1326.626589100219          -1326.457224218434
           0.730205278592          -1326.626146196706          -1326.456791964002
           0.732160312805          -1326.625701592785          -1326.456357929638
           0.734115347019          -1326.625255309943          -1326.455922137480
           0.736070381232          -1326.624807369671          -1326.455484609669
           0.738025415445          -1326.624357793454          -1326.455045368342
           0.739980449658          -1326.623906602817          -1326.454604435678
           0.741935483871          -1326.623453820394          -1326.454161835080
           0.743890518084          -1326.622999470134          -1326.453717591405
           0.745845552297          -1326.622543576064          -1326.453271729594
           0.747800586510          -1326.622086162209          -1326.452824274585
           0.749755620723          -1326.621627252598          -1326.452375251321
           0.751710654936          -1326.621166871254          -1326.451924684742
           0.753665689150          -1326.620705042206          -1326.451472599788
           0.755620723363          -1326.620241789480          -1326.451019021399
           0.757575757576          -1326.619777137101          -1326.450563974517
           0.759530791789          -1326.619311109095          -1326.450107484081
           0.761485826002          -1326.618843729491          -1326.449649575032
           0.763440860215          -1326.618375022313          -1326.449190272311
           0.765395894428          -1326.617905011588          -1326.448729600858
           0.767350928641          -1326.617433721342          -1326.448267585614
           0.769305962854          -1326.616961175603          -1326.447804251519
           0.771260997067          -1326.616487398395          -1326.447339623514
           0.773216031281          -1326.616012413745          -1326.446873726539
           0.775171065494          -1326.615536245681          -1326.446406585535
           0.777126099707          -1326.615058918227          -1326.445938225441
           0.779081133920          -1326.614580455410          -1326.445468671199
           0.781036168133          -1326.614100881257          -1326.444997947750
           0.782991202346          -1326.613620219794          -1326.444526080033
           0.784946236559          -1326.613138495048          -1326.444053092990
           0.786901270772          -1326.612655731044          -1326.443579011560
           0.788856304985          -1326.612171951809          -1326.443103860684
           0.790811339198          -1326.611687181369          -1326.442627665303
           0.792766373412          -1326.611201443751          -1326.442150450357
           0.794721407625          -1326.610714762981          -1326.441672240786
           0.796676441838          -1326.610227163085          -1326.441193061532
           0.798631476051          -1326.609738668090          -1326.440712937535
           0.800586510264          -1326.609249302022          -1326.440231893735
           0.802541544477          -1326.608759088907          -1326.439749955072
           0.804496578690          -1326.608268052772          -1326.439267146488
           0.806451612903          -1326.607776217642          -1326.438783492922
           0.808406647116          -1326.607283607545          -1326.438299019316
           0.810361681329          -1326.606790246507          -1326.437813750609
           0.812316715543          -1326.606296158553          -1326.437327711742
           0.814271749756          -1326.605801367711          -1326.436840927657
           0.816226783969          -1326.605305898006          -1326.436353423292
           0.818181818182          -1326.604809773465          -1326.435865223589
           0.820136852395          -1326.604313018114          -1326.435376353488
           0.822091886608          -1326.603815655980          -1326.434886837930
           0.824046920821          -1326.603317711089          -1326.434396701855
           0.826001955034          -1326.602819207467          -1326.433905970204
           0.827956989247          -1326.602320174324          -1326.433414673028
           0.829912023460          -1326.601820664505          -1326.432922863676
           0.831867057674          -1326.601320737581          -1326.432430602131
           0.833822091887          -1326.600820453124          -1326.431937948378
           0.835777126100          -1326.600319870709          -1326.431444962400
           0.837732160313          -1326.599819049907          -1326.430951704180
           0.839687194526          -1326.599318050291          -1326.430458233702
           0.841642228739          -1326.598816931436          -1326.429964610951
           0.843597262952          -1326.598315752912          -1326.429470895910
           0.845552297165          -1326.597814574294          -1326.428977148563
           0.847507331378          -1326.597313455154          -1326.428483428893
           0.849462365591          -1326.596812455065          -1326.427989796885
           0.851417399804          -1326.596311633600          -1326.427496312522
           0.853372434018          -1326.595811050332          -1326.427003035787
           0.855327468231          -1326.595310764833          -1326.426510026666
           0.857282502444          -1326.594810836678          -1326.426017345141
           0.859237536657          -1326.594311325437          -1326.425525051196
           0.861192570870          -1326.593812290685          -1326.425033204815
           0.863147605083          -1326.593313791995          -1326.424541865981
           0.865102639296          -1326.592815888939          -1326.424051094680
           0.867057673509          -1326.592318641089          -1326.423560950893
           0.869012707722          -1326.591822108020          -1326.423071494607
           0.870967741935          -1326.591326349303          -1326.422582785803
           0.872922776149          -1326.590831424513          -1326.422094884465
           0.874877810362          -1326.590337393221          -1326.421607850578
           0.876832844575          -1326.589844315000          -1326.421121744125
           0.878787878788          -1326.589352249424          -1326.420636625091
           0.880742913001          -1326.588861256065          -1326.420152553457
           0.882697947214          -1326.588371394497          -1326.419669589210
           0.884652981427          -1326.587882724291          -1326.419187792332
           0.886608015640          -1326.587395305022          -1326.418707222807
           0.888563049853          -1326.586909196261          -1326.418227940619
           0.890518084066          -1326.586424457582          -1326.417750005751
           0.892473118280          -1326.585941148559          -1326.417273478188
           0.894428152493          -1326.585459328762          -1326.416798417914
           0.896383186706          -1326.584979057766          -1326.416324884911
           0.898338220919          -1326.584500395143          -1326.415852939164
           0.900293255132          -1326.584023400466          -1326.415382640657
           0.902248289345          -1326.583548133309          -1326.414914049373
           0.904203323558          -1326.583074653244          -1326.414447225296
           0.906158357771          -1326.582603019843          -1326.413982228410
           0.908113391984          -1326.582133292681          -1326.413519118699
           0.910068426197          -1326.581665531329          -1326.413057956146
           0.912023460411          -1326.581199795360          -1326.412598800736
           0.913978494624          -1326.580736141957          -1326.412141710063
           0.915933528837          -1326.580274567337          -1326.411686680845
           0.917888563050          -1326.579815003231          -1326.411233645405
           0.919843597263          -1326.579357378280          -1326.410782532976
           0.921798631476          -1326.578901621123          -1326.410333272790
           0.923753665689          -1326.578447660398          -1326.409885794081
           0.925708699902          -1326.577995424744          -1326.409440026082
           0.927663734115          -1326.577544842800          -1326.408995898026
           0.929618768328          -1326.577095843205          -1326.408553339145
           0.931573802542          -1326.576648354599          -1326.408112278674
           0.933528836755          -1326.576202305619          -1326.407672645844
           0.935483870968          -1326.575757624904          -1326.407234369888
           0.937438905181          -1326.575314241094          -1326.406797380041
           0.939393939394          -1326.574872082829          -1326.406361605534
           0.941348973607          -1326.574431078745          -1326.405926975600
           0.943304007820          -1326.573991157483          -1326.405493419474
           0.945259042033          -1326.573552247680          -1326.405060866387
           0.947214076246          -1326.573114277978          -1326.404629245573
           0.949169110459          -1326.572677177013          -1326.404198486264
           0.951124144673          -1326.572240873424          -1326.403768517694
           0.953079178886          -1326.571805295852          -1326.403339269096
           0.955034213099          -1326.571370372935          -1326.402910669702
           0.956989247312          -1326.570936033311          -1326.402482648746
           0.958944281525          -1326.570502205619          -1326.402055135460
           0.960899315738          -1326.570068818499          -1326.401628059078
           0.962854349951          -1326.569635800589          -1326.401201348833
           0.964809384164          -1326.569203080529          -1326.400774933957
           0.966764418377          -1326.568770586956          -1326.400348743684
           0.968719452590          -1326.568338248511          -1326.399922707247
           0.970674486804          -1326.567905993832          -1326.399496753877
           0.972629521017          -1326.567473751557          -1326.399070812810
           0.974584555230          -1326.567041450326          -1326.398644813277
           0.976539589443          -1326.566609018778          -1326.398218684511
           0.978494623656          -1326.566176385551          -1326.397792355746
           0.980449657869          -1326.565743479285          -1326.397365756215
           0.982404692082          -1326.565310228617          -1326.396938815150
           0.984359726295          -1326.564876562189          -1326.396511461784
           0.986314760508          -1326.564442408637          -1326.396083625351
           0.988269794721          -1326.564007696601          -1326.395655235084
           0.990224828935          -1326.563572354720          -1326.395226220214
           0.992179863148          -1326.563136311633          -1326.394796509977
           0.994134897361          -1326.562699495978          -1326.394366033603
           0.996089931574          -1326.562261836395          -1326.393934720328
           0.998044965787          -1326.561823261523          -1326.393502499382
           1.000000000000          -1326.561383700000          -1326.393069300000
