          -1.000000000000          -1325.652557660000          -1325.445795190000
          -0.998044965787          -1325.664028059635          -1325.457285357887
          -0.996089931574          -1325.675589553194          -1325.468866626660
          -0.994134897361          -1325.687235552162          -1325.480532407301
          -0.992179863148          -1325.698959468023          -1325.492276110791
          -0.990224828935          -1325.710754712263          -1325.504091148110
          -0.988269794721          -1325.722614696365          -1325.515970930240
          -0.986314760508          -1325.734532831814          -1325.527908868162
          -0.984359726295          -1325.746502530095          -1325.539898372857
          -0.982404692082          -1325.758517202693          -1325.551932855305
          -0.980449657869          -1325.770570261091          -1325.564005726489
          -0.978494623656          -1325.782655116775          -1325.576110397388
          -0.976539589443          -1325.794765181229          -1325.588240278983
          -0.974584555230          -1325.806893865938          -1325.600388782257
          -0.972629521017          -1325.819034582386          -1325.612549318190
          -0.970674486804          -1325.831180742058          -1325.624715297763
          -0.968719452590          -1325.843325756439          -1325.636880131956
          -0.966764418377          -1325.855463037012          -1325.649037231752
          -0.964809384164          -1325.867585995263          -1325.661180008130
          -0.962854349951          -1325.879688042677          -1325.673301872073
          -0.960899315738          -1325.891762590737          -1325.685396234560
          -0.958944281525          -1325.903803050929          -1325.697456506574
          -0.956989247312          -1325.915802834736          -1325.709476099095
          -0.955034213099          -1325.927755353645          -1325.721448423104
          -0.953079178886          -1325.939654019138          -1325.733366889582
          -0.951124144673          -1325.951492242702          -1325.745224909510
          -0.949169110459          -1325.963263435819          -1325.757015893869
          -0.947214076246          -1325.974961009975          -1325.768733253641
          -0.945259042033          -1325.986578376655          -1325.780370399805
          -0.943304007820          -1325.998108947344          -1325.791920743344
          -0.941348973607          -1326.009546133525          -1325.803377695239
          -0.939393939394          -1326.020883346683          -1325.814734666469
          -0.937438905181          -1326.032113998303          -1325.825985068017
          -0.935483870968          -1326.043231499869          -1325.837122310864
          -0.933528836755          -1326.054229262867          -1325.848139805989
          -0.931573802542          -1326.065100698780          -1325.859030964375
          -0.929618768328          -1326.075839219093          -1325.869789197002
          -0.927663734115          -1326.086438235291          -1325.880407914852
          -0.925708699902          -1326.096891158859          -1325.890880528906
          -0.923753665689          -1326.107191401280          -1325.901200450144
          -0.921798631476          -1326.117332374040          -1325.911361089547
          -0.919843597263          -1326.127307488624          -1325.921355858097
          -0.917888563050          -1326.137110156514          -1325.931178166774
          -0.915933528837          -1326.146733789198          -1325.940821426560
          -0.913978494624          -1326.156171798158          -1325.950279048436
          -0.912023460411          -1326.165417833648          -1325.959544682184
          -0.910068426197          -1326.174470520640          -1325.968616952984
          -0.908113391984          -1326.183333187519          -1325.977499190075
          -0.906158357771          -1326.192009347124          -1325.986194907174
          -0.904203323558          -1326.200502512295          -1325.994707617999
          -0.902248289345          -1326.208816195871          -1326.003040836267
          -0.900293255132          -1326.216953910693          -1326.011198075696
          -0.898338220919          -1326.224919169598          -1326.019182850002
          -0.896383186706          -1326.232715485428          -1326.026998672905
          -0.894428152493          -1326.240346371022          -1326.034649058120
          -0.892473118280          -1326.247815339218          -1326.042137519365
          -0.890518084066          -1326.255125902857          -1326.049467570359
          -0.888563049853          -1326.262281574779          -1326.056642724819
          -0.886608015640          -1326.269285867823          -1326.063666496461
          -0.884652981427          -1326.276142294828          -1326.070542399003
          -0.882697947214          -1326.282854368634          -1326.077273946164
          -0.880742913001          -1326.289425602080          -1326.083864651660
          -0.878787878788          -1326.295859508007          -1326.090318029209
          -0.876832844575          -1326.302159599253          -1326.096637592528
          -0.874877810362          -1326.308329388659          -1326.102826855335
          -0.872922776149          -1326.314372389063          -1326.108889331348
          -0.870967741935          -1326.320292113306          -1326.114828534284
          -0.869012707722          -1326.326092074227          -1326.120647977859
          -0.867057673509          -1326.331775784665          -1326.126351175793
          -0.865102639296          -1326.337346757460          -1326.131941641802
          -0.863147605083          -1326.342808505452          -1326.137422889604
          -0.861192570870          -1326.348164541480          -1326.142798432916
          -0.859237536657          -1326.353418378384          -1326.148071785456
          -0.857282502444          -1326.358573529002          -1326.153246460940
          -0.855327468231          -1326.363633506176          -1326.158325973088
          -0.853372434018          -1326.368601822745          -1326.163313835616
          -0.851417399804          -1326.373481991547          -1326.168213562242
          -0.849462365591          -1326.378277525423          -1326.173028666683
          -0.847507331378          -1326.382991937212          -1326.177762662657
          -0.845552297165          -1326.387628739753          -1326.182419063880
          -0.843597262952          -1326.392191445887          -1326.187001384072
          -0.841642228739          -1326.396683568453          -1326.191513136949
          -0.839687194526          -1326.401108620290          -1326.195957836228
          -0.837732160313          -1326.405470114237          -1326.200338995627
          -0.835777126100          -1326.409771563136          -1326.204660128864
          -0.833822091887          -1326.414016479824          -1326.208924749656
          -0.831867057674          -1326.418208377142          -1326.213136371721
          -0.829912023460          -1326.422350767929          -1326.217298508775
          -0.827956989247          -1326.426447165025          -1326.221414674537
          -0.826001955034          -1326.430501081220          -1326.225488382676
          -0.824046920821          -1326.434515360061          -1326.229522477569
          -0.822091886608          -1326.438490494993          -1326.233517453338
          -0.820136852395          -1326.442426463896          -1326.237473288499
          -0.818181818182          -1326.446323244644          -1326.241389961568
          -0.816226783969          -1326.450180815116          -1326.245267451062
          -0.814271749756          -1326.453999153188          -1326.249105735497
          -0.812316715543          -1326.457778236738          -1326.252904793389
          -0.810361681329          -1326.461518043642          -1326.256664603254
          -0.808406647116          -1326.465218551778          -1326.260385143609
          -0.806451612903          -1326.468879739022          -1326.264066392970
          -0.804496578690          -1326.472501583252          -1326.267708329853
          -0.802541544477          -1326.476084062344          -1326.271310932775
          -0.800586510264          -1326.479627154177          -1326.274874180251
          -0.798631476051          -1326.483130836626          -1326.278398050799
          -0.796676441838          -1326.486595087569          -1326.281882522934
          -0.794721407625          -1326.490019884883          -1326.285327575173
          -0.792766373412          -1326.493405206445          -1326.288733186031
          -0.790811339198          -1326.496751030132          -1326.292099334026
          -0.788856304985          -1326.500057333820          -1326.295425997673
          -0.786901270772          -1326.503324095389          -1326.298713155489
          -0.784946236559          -1326.506551292712          -1326.301960785990
          -0.782991202346          -1326.509738903669          -1326.305168867692
          -0.781036168133          -1326.512886906137          -1326.308337379112
          -0.779081133920          -1326.515995277991          -1326.311466298766
          -0.777126099707          -1326.519063997110          -1326.314555605170
          -0.775171065494          -1326.522093041370          -1326.317605276839
          -0.773216031281          -1326.525082388648          -1326.320615292292
          -0.771260997067          -1326.528032016822          -1326.323585630044
          -0.769305962854          -1326.530941903769          -1326.326516268611
          -0.767350928641          -1326.533812027365          -1326.329407186510
          -0.765395894428          -1326.536642365487          -1326.332258362256
          -0.763440860215          -1326.539432896013          -1326.335069774367
          -0.761485826002          -1326.542183596819          -1326.337841401358
          -0.759530791789          -1326.544894445784          -1326.340573221745
          -0.757575757576          -1326.547565420783          -1326.343265214045
          -0.755620723363          -1326.550196499694          -1326.345917356775
          -0.753665689150          -1326.552787660393          -1326.348529628450
          -0.751710654936          -1326.555338880759          -1326.351102007586
          -0.749755620723          -1326.557850138667          -1326.353634472701
          -0.747800586510          -1326.560321411996          -1326.356127002309
          -0.745845552297          -1326.562752678621          -1326.358579574929
          -0.743890518084          -1326.565143916420          -1326.360992169075
          -0.741935483871          -1326.567495103271          -1326.363364763265
          -0.739980449658          -1326.569806217049          -1326.365697336013
          -0.738025415445          -1326.572077251666          -1326.367989881868
          -0.736070381232          -1326.574308477637          -1326.370242671931
          -0.734115347019          -1326.576500398900          -1326.372456210684
          -0.732160312805          -1326.578653526705          -1326.374631009923
          -0.730205278592          -1326.580768372308          -1326.376767581444
          -0.728250244379          -1326.582845446962          -1326.378866437045
          -0.726295210166          -1326.584885261919          -1326.380928088521
          -0.724340175953          -1326.586888328432          -1326.382953047671
          -0.722385141740          -1326.588855157757          -1326.384941826289
          -0.720430107527          -1326.590786261145          -1326.386894936174
          -0.718475073314          -1326.592682149850          -1326.388812889121
          -0.716520039101          -1326.594543335125          -1326.390696196927
          -0.714565004888          -1326.596370328223          -1326.392545371389
          -0.712609970674          -1326.598163640399          -1326.394360924304
          -0.710654936461          -1326.599923782905          -1326.396143367467
          -0.708699902248          -1326.601651266994          -1326.397893212677
          -0.706744868035          -1326.603346603920          -1326.399610971728
          -0.704789833822          -1326.605010304937          -1326.401297156420
          -0.702834799609          -1326.606642881296          -1326.402952278547
          -0.700879765396          -1326.608244844253          -1326.404576849906
          -0.698924731183          -1326.609816705060          -1326.406171382294
          -0.696969696970          -1326.611358974969          -1326.407736387508
          -0.695014662757          -1326.612872165236          -1326.409272377345
          -0.693059628543          -1326.614356787112          -1326.410779863601
          -0.691104594330          -1326.615813351852          -1326.412259358072
          -0.689149560117          -1326.617242370709          -1326.413711372555
          -0.687194525904          -1326.618644354935          -1326.415136418848
          -0.685239491691          -1326.620019815785          -1326.416535008746
          -0.683284457478          -1326.621369264511          -1326.417907654047
          -0.681329423265          -1326.622693212368          -1326.419254866546
          -0.679374389052          -1326.623992170607          -1326.420577158041
          -0.677419354839          -1326.625266650483          -1326.421875040329
          -0.675464320626          -1326.626517163248          -1326.423149025205
          -0.673509286413          -1326.627744220157          -1326.424399624467
          -0.671554252199          -1326.628948332462          -1326.425627349911
          -0.669599217986          -1326.630130011417          -1326.426832713334
          -0.667644183773          -1326.631289768275          -1326.428016226532
          -0.665689149560          -1326.632428114289          -1326.429178401303
          -0.663734115347          -1326.633545560713          -1326.430319749443
          -0.661779081134          -1326.634642618801          -1326.431440782748
          -0.659824046921          -1326.635719799804          -1326.432542013015
          -0.657869012708          -1326.636777614977          -1326.433623952041
          -0.655913978495          -1326.637816575573          -1326.434687111622
          -0.653958944282          -1326.638837192844          -1326.435732003556
          -0.652003910068          -1326.639839978007          -1326.436759139599
          -0.650048875855          -1326.640825365429          -1326.437768954731
          -0.648093841642          -1326.641793552280          -1326.438761646931
          -0.646138807429          -1326.642744690098          -1326.439737368592
          -0.644183773216          -1326.643678930423          -1326.440696272103
          -0.642228739003          -1326.644596424795          -1326.441638509858
          -0.640273704790          -1326.645497324754          -1326.442564234247
          -0.638318670577          -1326.646381781841          -1326.443473597661
          -0.636363636364          -1326.647249947594          -1326.444366752493
          -0.634408602151          -1326.648101973554          -1326.445243851133
          -0.632453567937          -1326.648938011261          -1326.446105045974
          -0.630498533724          -1326.649758212254          -1326.446950489407
          -0.628543499511          -1326.650562728074          -1326.447780333822
          -0.626588465298          -1326.651351710261          -1326.448594731613
          -0.624633431085          -1326.652125310355          -1326.449393835170
          -0.622678396872          -1326.652883679895          -1326.450177796884
          -0.620723362659          -1326.653626970421          -1326.450946769148
          -0.618768328446          -1326.654355333473          -1326.451700904352
          -0.616813294233          -1326.655068920592          -1326.452440354889
          -0.614858260020          -1326.655767883317          -1326.453165273150
          -0.612903225806          -1326.656452373188          -1326.453875811525
          -0.610948191593          -1326.657122541746          -1326.454572122408
          -0.608993157380          -1326.657778540529          -1326.455254358188
          -0.607038123167          -1326.658420521078          -1326.455922671259
          -0.605083088954          -1326.659048634933          -1326.456577214010
          -0.603128054741          -1326.659663033633          -1326.457218138834
          -0.601173020528          -1326.660263868720          -1326.457845598123
          -0.599217986315          -1326.660851291732          -1326.458459744267
          -0.597262952102          -1326.661425454209          -1326.459060729659
          -0.595307917889          -1326.661986507692          -1326.459648706689
          -0.593352883675          -1326.662534603721          -1326.460223827749
          -0.591397849462          -1326.663069893835          -1326.460786245231
          -0.589442815249          -1326.663592529573          -1326.461336111526
          -0.587487781036          -1326.664102662478          -1326.461873579026
          -0.585532746823          -1326.664600444087          -1326.462398800122
          -0.583577712610          -1326.665086025942          -1326.462911927206
          -0.581622678397          -1326.665559559582          -1326.463413112669
          -0.579667644184          -1326.666021196546          -1326.463902508902
          -0.577712609971          -1326.666471088375          -1326.464380268298
          -0.575757575758          -1326.666909386609          -1326.464846543247
          -0.573802541544          -1326.667336242788          -1326.465301486142
          -0.571847507331          -1326.667751808452          -1326.465745249373
          -0.569892473118          -1326.668156235140          -1326.466177985332
          -0.567937438905          -1326.668549674392          -1326.466599846412
          -0.565982404692          -1326.668932277749          -1326.467010985002
          -0.564027370479          -1326.669304195867          -1326.467411552642
          -0.562072336266          -1326.669665566600          -1326.467801688530
          -0.560117302053          -1326.670016518170          -1326.468181522576
          -0.558162267840          -1326.670357178563          -1326.468551184460
          -0.556207233627          -1326.670687675765          -1326.468910803866
          -0.554252199413          -1326.671008137761          -1326.469260510475
          -0.552297165200          -1326.671318692537          -1326.469600433968
          -0.550342130987          -1326.671619468079          -1326.469930704028
          -0.548387096774          -1326.671910592372          -1326.470251450336
          -0.546432062561          -1326.672192193401          -1326.470562802575
          -0.544477028348          -1326.672464399154          -1326.470864890426
          -0.542521994135          -1326.672727337614          -1326.471157843571
          -0.540566959922          -1326.672981136768          -1326.471441791692
          -0.538611925709          -1326.673225924602          -1326.471716864470
          -0.536656891496          -1326.673461829101          -1326.471983191588
          -0.534701857283          -1326.673688978250          -1326.472240902728
          -0.532746823069          -1326.673907500036          -1326.472490127571
          -0.530791788856          -1326.674117522444          -1326.472730995799
          -0.528836754643          -1326.674319173460          -1326.472963637094
          -0.526881720430          -1326.674512581069          -1326.473188181138
          -0.524926686217          -1326.674697873257          -1326.473404757612
          -0.522971652004          -1326.674875178010          -1326.473613496200
          -0.521016617791          -1326.675044623313          -1326.473814526582
          -0.519061583578          -1326.675206337152          -1326.474007978440
          -0.517106549365          -1326.675360447513          -1326.474193981456
          -0.515151515152          -1326.675507082381          -1326.474372665313
          -0.513196480938          -1326.675646369742          -1326.474544159691
          -0.511241446725          -1326.675778437582          -1326.474708594273
          -0.509286412512          -1326.675903413886          -1326.474866098741
          -0.507331378299          -1326.676021426640          -1326.475016802776
          -0.505376344086          -1326.676132603829          -1326.475160836060
          -0.503421309873          -1326.676237073440          -1326.475298328276
          -0.501466275660          -1326.676334963457          -1326.475429409105
          -0.499511241447          -1326.676426401867          -1326.475554208229
          -0.497556207234          -1326.676511516655          -1326.475672855329
          -0.495601173021          -1326.676590435807          -1326.475785480088
          -0.493646138807          -1326.676663287308          -1326.475892212188
          -0.491691104594          -1326.676730199145          -1326.475993181310
          -0.489736070381          -1326.676791299302          -1326.476088517137
          -0.487781036168          -1326.676846715766          -1326.476178349349
          -0.485826001955          -1326.676896576522          -1326.476262807629
          -0.483870967742          -1326.676941009555          -1326.476342021660
          -0.481915933529          -1326.676980142852          -1326.476416121121
          -0.479960899316          -1326.677014104398          -1326.476485235696
          -0.478005865103          -1326.677043022156          -1326.476549495044
          -0.476050830890          -1326.677067009195          -1326.476609013876
          -0.474095796676          -1326.677086138092          -1326.476663866262
          -0.472140762463          -1326.677100474603          -1326.476714119432
          -0.470185728250          -1326.677110084489          -1326.476759840611
          -0.468230694037          -1326.677115033504          -1326.476801097027
          -0.466275659824          -1326.677115387409          -1326.476837955910
          -0.464320625611          -1326.677111211960          -1326.476870484485
          -0.462365591398          -1326.677102572916          -1326.476898749982
          -0.460410557185          -1326.677089536034          -1326.476922819628
          -0.458455522972          -1326.677072167072          -1326.476942760650
          -0.456500488759          -1326.677050531788          -1326.476958640276
          -0.454545454545          -1326.677024695940          -1326.476970525734
          -0.452590420332          -1326.676994725286          -1326.476978484252
          -0.450635386119          -1326.676960685583          -1326.476982583057
          -0.448680351906          -1326.676922642589          -1326.476982889378
          -0.446725317693          -1326.676880662063          -1326.476979470442
          -0.444770283480          -1326.676834809762          -1326.476972393476
          -0.442815249267          -1326.676785151444          -1326.476961725709
          -0.440860215054          -1326.676731752866          -1326.476947534367
          -0.438905180841          -1326.676674679787          -1326.476929886680
          -0.436950146628          -1326.676613997965          -1326.476908849874
          -0.434995112414          -1326.676549773157          -1326.476884491178
          -0.433040078201          -1326.676482071121          -1326.476856877818
          -0.431085043988          -1326.676410957615          -1326.476826077024
          -0.429130009775          -1326.676336498397          -1326.476792156022
          -0.427174975562          -1326.676258759224          -1326.476755182040
          -0.425219941349          -1326.676177805856          -1326.476715222307
          -0.423264907136          -1326.676093704048          -1326.476672344049
          -0.421309872923          -1326.676006519560          -1326.476626614495
          -0.419354838710          -1326.675916318148          -1326.476578100871
          -0.417399804497          -1326.675823165572          -1326.476526870407
          -0.415444770283          -1326.675727127589          -1326.476472990330
          -0.413489736070          -1326.675628269956          -1326.476416527867
          -0.411534701857          -1326.675526658431          -1326.476357550246
          -0.409579667644          -1326.675422358773          -1326.476296124695
          -0.407624633431          -1326.675315436740          -1326.476232318442
          -0.405669599218          -1326.675205958088          -1326.476166198714
          -0.403714565005          -1326.675093988576          -1326.476097832739
          -0.401759530792          -1326.674979593961          -1326.476027287746
          -0.399804496579          -1326.674862840002          -1326.475954630960
          -0.397849462366          -1326.674743792457          -1326.475879929611
          -0.395894428152          -1326.674622517083          -1326.475803250926
          -0.393939393939          -1326.674499079638          -1326.475724662133
          -0.391984359726          -1326.674373545880          -1326.475644230460
          -0.390029325513          -1326.674245980474          -1326.475562021991
          -0.388074291300          -1326.674116434682          -1326.475478088800
          -0.386119257087          -1326.673984950775          -1326.475392473557
          -0.384164222874          -1326.673851570856          -1326.475305218760
          -0.382209188661          -1326.673716337029          -1326.475216366906
          -0.380254154448          -1326.673579291398          -1326.475125960493
          -0.378299120235          -1326.673440476067          -1326.475034042018
          -0.376344086022          -1326.673299933140          -1326.474940653979
          -0.374389051808          -1326.673157704721          -1326.474845838873
          -0.372434017595          -1326.673013832915          -1326.474749639197
          -0.370478983382          -1326.672868359824          -1326.474652097449
          -0.368523949169          -1326.672721327553          -1326.474553256126
          -0.366568914956          -1326.672572778205          -1326.474453157726
          -0.364613880743          -1326.672422753886          -1326.474351844746
          -0.362658846530          -1326.672271296698          -1326.474249359685
          -0.360703812317          -1326.672118448745          -1326.474145745038
          -0.358748778104          -1326.671964252132          -1326.474041043303
          -0.356793743891          -1326.671808748962          -1326.473935296979
          -0.354838709677          -1326.671651981340          -1326.473828548561
          -0.352883675464          -1326.671493991369          -1326.473720840549
          -0.350928641251          -1326.671334821153          -1326.473612215439
          -0.348973607038          -1326.671174512796          -1326.473502715729
          -0.347018572825          -1326.671013108403          -1326.473392383916
          -0.345063538612          -1326.670850650077          -1326.473281262497
          -0.343108504399          -1326.670687179922          -1326.473169393970
          -0.341153470186          -1326.670522740041          -1326.473056820833
          -0.339198435973          -1326.670357372540          -1326.472943585582
          -0.337243401760          -1326.670191119521          -1326.472829730717
          -0.335288367546          -1326.670024023090          -1326.472715298732
          -0.333333333333          -1326.669856125348          -1326.472600332127
          -0.331378299120          -1326.669687468402          -1326.472484873399
          -0.329423264907          -1326.669518094354          -1326.472368965044
          -0.327468230694          -1326.669348045309          -1326.472252649562
          -0.325513196481          -1326.669177363370          -1326.472135969447
          -0.323558162268          -1326.669006090642          -1326.472018967200
          -0.321603128055          -1326.668834269228          -1326.471901685316
          -0.319648093842          -1326.668661941233          -1326.471784166293
          -0.317693059629          -1326.668489148759          -1326.471666452630
          -0.315738025415          -1326.668315933912          -1326.471548586822
          -0.313782991202          -1326.668142338795          -1326.471430611368
          -0.311827956989          -1326.667968405512          -1326.471312568764
          -0.309872922776          -1326.667794176167          -1326.471194501510
          -0.307917888563          -1326.667619692864          -1326.471076452101
          -0.305962854350          -1326.667444997707          -1326.470958463035
          -0.304007820137          -1326.667270132783          -1326.470840576793
          -0.302052785924          -1326.667095135163          -1326.470722830526
          -0.300097751711          -1326.666920029871          -1326.470605248600
          -0.298142717498          -1326.666744840163          -1326.470487853498
          -0.296187683284          -1326.666569589293          -1326.470370667703
          -0.294232649071          -1326.666394300517          -1326.470253713701
          -0.292277614858          -1326.666218997088          -1326.470137013976
          -0.290322580645          -1326.666043702262          -1326.470020591011
          -0.288367546432          -1326.665868439293          -1326.469904467291
          -0.286412512219          -1326.665693231437          -1326.469788665299
          -0.284457478006          -1326.665518101947          -1326.469673207520
          -0.282502443793          -1326.665343074079          -1326.469558116439
          -0.280547409580          -1326.665168171088          -1326.469443414538
          -0.278592375367          -1326.664993416228          -1326.469329124303
          -0.276637341153          -1326.664818832755          -1326.469215268217
          -0.274682306940          -1326.664644443922          -1326.469101868764
          -0.272727272727          -1326.664470272984          -1326.468988948430
          -0.270772238514          -1326.664296343198          -1326.468876529697
          -0.268817204301          -1326.664122677816          -1326.468764635049
          -0.266862170088          -1326.663949300094          -1326.468653286972
          -0.264907135875          -1326.663776233287          -1326.468542507949
          -0.262952101662          -1326.663603500650          -1326.468432320464
          -0.260997067449          -1326.663431125436          -1326.468322747001
          -0.259042033236          -1326.663259130902          -1326.468213810045
          -0.257086999022          -1326.663087540302          -1326.468105532080
          -0.255131964809          -1326.662916376890          -1326.467997935589
          -0.253176930596          -1326.662745663922          -1326.467891043056
          -0.251221896383          -1326.662575424652          -1326.467784876967
          -0.249266862170          -1326.662405682335          -1326.467679459805
          -0.247311827957          -1326.662236460225          -1326.467574814054
          -0.245356793744          -1326.662067781579          -1326.467470962199
          -0.243401759531          -1326.661899669649          -1326.467367926722
          -0.241446725318          -1326.661732147691          -1326.467265730109
          -0.239491691105          -1326.661565238961          -1326.467164394844
          -0.237536656891          -1326.661398966712          -1326.467063943411
          -0.235581622678          -1326.661233354199          -1326.466964398293
          -0.233626588465          -1326.661068424677          -1326.466865781976
          -0.231671554252          -1326.660904201402          -1326.466768116942
          -0.229716520039          -1326.660740707627          -1326.466671425677
          -0.227761485826          -1326.660577966607          -1326.466575730664
          -0.225806451613          -1326.660416001599          -1326.466481054388
          -0.223851417400          -1326.660254835855          -1326.466387419332
          -0.221896383187          -1326.660094492630          -1326.466294847982
          -0.219941348974          -1326.659934995181          -1326.466203362819
          -0.217986314761          -1326.659776366761          -1326.466112986330
          -0.216031280547          -1326.659618629967          -1326.466023740257
          -0.214076246334          -1326.659461800501          -1326.465935638573
          -0.212121212121          -1326.659305889944          -1326.465848690612
          -0.210166177908          -1326.659150909824          -1326.465762905643
          -0.208211143695          -1326.658996871668          -1326.465678292939
          -0.206256109482          -1326.658843787002          -1326.465594861769
          -0.204301075269          -1326.658691667355          -1326.465512621406
          -0.202346041056          -1326.658540524253          -1326.465431581119
          -0.200391006843          -1326.658390369224          -1326.465351750178
          -0.198435972630          -1326.658241213794          -1326.465273137857
          -0.196480938416          -1326.658093069491          -1326.465195753424
          -0.194525904203          -1326.657945947841          -1326.465119606151
          -0.192570869990          -1326.657799860373          -1326.465044705309
          -0.190615835777          -1326.657654818613          -1326.464971060169
          -0.188660801564          -1326.657510834087          -1326.464898680001
          -0.186705767351          -1326.657367918325          -1326.464827574076
          -0.184750733138          -1326.657226082852          -1326.464757751666
          -0.182795698925          -1326.657085339195          -1326.464689222041
          -0.180840664712          -1326.656945698883          -1326.464621994472
          -0.178885630499          -1326.656807173441          -1326.464556078229
          -0.176930596285          -1326.656669774398          -1326.464491482584
          -0.174975562072          -1326.656533513280          -1326.464428216807
          -0.173020527859          -1326.656398401614          -1326.464366290170
          -0.171065493646          -1326.656264450928          -1326.464305711943
          -0.169110459433          -1326.656131672748          -1326.464246491397
          -0.167155425220          -1326.656000078603          -1326.464188637802
          -0.165200391007          -1326.655869680018          -1326.464132160431
          -0.163245356794          -1326.655740488521          -1326.464077068553
          -0.161290322581          -1326.655612515640          -1326.464023371439
          -0.159335288368          -1326.655485772901          -1326.463971078361
          -0.157380254154          -1326.655360271832          -1326.463920198589
          -0.155425219941          -1326.655236023959          -1326.463870741394
          -0.153470185728          -1326.655113040810          -1326.463822716046
          -0.151515151515          -1326.654991333912          -1326.463776131817
          -0.149560117302          -1326.654870914793          -1326.463730997978
          -0.147605083089          -1326.654751794978          -1326.463687323799
          -0.145650048876          -1326.654633985996          -1326.463645118552
          -0.143695014663          -1326.654517499374          -1326.463604391506
          -0.141739980450          -1326.654402346638          -1326.463565151934
          -0.139784946237          -1326.654288539316          -1326.463527409105
          -0.137829912023          -1326.654176088935          -1326.463491172290
          -0.135874877810          -1326.654065007022          -1326.463456450762
          -0.133919843597          -1326.653955305105          -1326.463423253789
          -0.131964809384          -1326.653846994710          -1326.463391590644
          -0.130009775171          -1326.653740087349          -1326.463361470581
          -0.128054740958          -1326.653634591973          -1326.463332900156
          -0.126099706745          -1326.653530512084          -1326.463305880188
          -0.124144672532          -1326.653427850493          -1326.463280410762
          -0.122189638319          -1326.653326610006          -1326.463256491965
          -0.120234604106          -1326.653226793432          -1326.463234123881
          -0.118279569892          -1326.653128403579          -1326.463213306599
          -0.116324535679          -1326.653031443255          -1326.463194040201
          -0.114369501466          -1326.652935915269          -1326.463176324775
          -0.112414467253          -1326.652841822428          -1326.463160160406
          -0.110459433040          -1326.652749167540          -1326.463145547181
          -0.108504398827          -1326.652657953415          -1326.463132485184
          -0.106549364614          -1326.652568182858          -1326.463120974502
          -0.104594330401          -1326.652479858680          -1326.463111015220
          -0.102639296188          -1326.652392983689          -1326.463102607424
          -0.100684261975          -1326.652307560691          -1326.463095751201
          -0.098729227761          -1326.652223592496          -1326.463090446635
          -0.096774193548          -1326.652141081912          -1326.463086693812
          -0.094819159335          -1326.652060031746          -1326.463084492818
          -0.092864125122          -1326.651980444806          -1326.463083843740
          -0.090909090909          -1326.651902323902          -1326.463084746662
          -0.088954056696          -1326.651825671841          -1326.463087201671
          -0.086999022483          -1326.651750491432          -1326.463091208852
          -0.085043988270          -1326.651676785481          -1326.463096768291
          -0.083088954057          -1326.651604556799          -1326.463103880074
          -0.081133919844          -1326.651533808192          -1326.463112544287
          -0.079178885630          -1326.651464542469          -1326.463122761014
          -0.077223851417          -1326.651396762437          -1326.463134530343
          -0.075268817204          -1326.651330470906          -1326.463147852359
          -0.073313782991          -1326.651265670683          -1326.463162727148
          -0.071358748778          -1326.651202364577          -1326.463179154795
          -0.069403714565          -1326.651140555395          -1326.463197135387
          -0.067448680352          -1326.651080245946          -1326.463216669008
          -0.065493646139          -1326.651021439037          -1326.463237755745
          -0.063538611926          -1326.650964137478          -1326.463260395683
          -0.061583577713          -1326.650908344076          -1326.463284588909
          -0.059628543500          -1326.650854061638          -1326.463310335508
          -0.057673509286          -1326.650801292975          -1326.463337635566
          -0.055718475073          -1326.650750040892          -1326.463366489169
          -0.053763440860          -1326.650700308200          -1326.463396896401
          -0.051808406647          -1326.650652097705          -1326.463428857350
          -0.049853372434          -1326.650605412217          -1326.463462372102
          -0.047898338221          -1326.650560254542          -1326.463497440740
          -0.045943304008          -1326.650516627489          -1326.463534063352
          -0.043988269795          -1326.650474533868          -1326.463572240023
          -0.042033235582          -1326.650433976023          -1326.463611970373
          -0.040078201369          -1326.650394952139          -1326.463653249805
          -0.038123167155          -1326.650357458188          -1326.463696071489
          -0.036168132942          -1326.650321490124          -1326.463740428570
          -0.034213098729          -1326.650287043899          -1326.463786314196
          -0.032258064516          -1326.650254115466          -1326.463833721516
          -0.030303030303          -1326.650222700779          -1326.463882643675
          -0.028347996090          -1326.650192795789          -1326.463933073823
          -0.026392961877          -1326.650164396450          -1326.463985005105
          -0.024437927664          -1326.650137498716          -1326.464038430670
          -0.022482893451          -1326.650112098538          -1326.464093343664
          -0.020527859238          -1326.650088191869          -1326.464149737236
          -0.018572825024          -1326.650065774663          -1326.464207604532
          -0.016617790811          -1326.650044842873          -1326.464266938700
          -0.014662756598          -1326.650025392450          -1326.464327732887
          -0.012707722385          -1326.650007419349          -1326.464389980241
          -0.010752688172          -1326.649990919522          -1326.464453673909
          -0.008797653959          -1326.649975888922          -1326.464518807038
          -0.006842619746          -1326.649962323501          -1326.464585372776
          -0.004887585533          -1326.649950219213          -1326.464653364270
          -0.002932551320          -1326.649939572011          -1326.464722774668
          -0.000977517107          -1326.649930377848          -1326.464793597117
           0.000977517107          -1326.649922632676          -1326.464865824764
           0.002932551320          -1326.649916332448          -1326.464939450756
           0.004887585533          -1326.649911473118          -1326.465014468242
           0.006842619746          -1326.649908050637          -1326.465090870368
           0.008797653959          -1326.649906060959          -1326.465168650282
           0.010752688172          -1326.649905500038          -1326.465247801131
           0.012707722385          -1326.649906363825          -1326.465328316063
           0.014662756598          -1326.649908648274          -1326.465410188225
           0.016617790811          -1326.649912349337          -1326.465493410764
           0.018572825024          -1326.649917462968          -1326.465577976828
           0.020527859238          -1326.649923985119          -1326.465663879564
           0.022482893451          -1326.649931911744          -1326.465751112119
           0.024437927664          -1326.649941238794          -1326.465839667642
           0.026392961877          -1326.649951962224          -1326.465929539278
           0.028347996090          -1326.649964077985          -1326.466020720176
           0.030303030303          -1326.649977582031          -1326.466113203483
           0.032258064516          -1326.649992470316          -1326.466206982347
           0.034213098729          -1326.650008738790          -1326.466302049914
           0.036168132942          -1326.650026383408          -1326.466398399332
           0.038123167155          -1326.650045400123          -1326.466496023749
           0.040078201369          -1326.650065784887          -1326.466594916312
           0.042033235582          -1326.650087533653          -1326.466695070168
           0.043988269795          -1326.650110642356          -1326.466796478449
           0.045943304008          -1326.650135105008          -1326.466899132523
           0.047898338221          -1326.650160911996          -1326.467003020441
           0.049853372434          -1326.650188053304          -1326.467108129883
           0.051808406647          -1326.650216518917          -1326.467214448531
           0.053763440860          -1326.650246298821          -1326.467321964068
           0.055718475073          -1326.650277383000          -1326.467430664174
           0.057673509286          -1326.650309761440          -1326.467540536531
           0.059628543500          -1326.650343424125          -1326.467651568821
           0.061583577713          -1326.650378361041          -1326.467763748725
           0.063538611926          -1326.650414562172          -1326.467877063925
           0.065493646139          -1326.650452017503          -1326.467991502103
           0.067448680352          -1326.650490717021          -1326.468107050940
           0.069403714565          -1326.650530650709          -1326.468223698118
           0.071358748778          -1326.650571808552          -1326.468341431318
           0.073313782991          -1326.650614180536          -1326.468460238222
           0.075268817204          -1326.650657756647          -1326.468580106512
           0.077223851417          -1326.650702526867          -1326.468701023869
           0.079178885630          -1326.650748481183          -1326.468822977976
           0.081133919844          -1326.650795609580          -1326.468945956512
           0.083088954057          -1326.650843902043          -1326.469069947161
           0.085043988270          -1326.650893348556          -1326.469194937603
           0.086999022483          -1326.650943939106          -1326.469320915521
           0.088954056696          -1326.650995663676          -1326.469447868596
           0.090909090909          -1326.651048512252          -1326.469575784509
           0.092864125122          -1326.651102474819          -1326.469704650943
           0.094819159335          -1326.651157541362          -1326.469834455578
           0.096774193548          -1326.651213701866          -1326.469965186097
           0.098729227761          -1326.651270946315          -1326.470096830181
           0.100684261975          -1326.651329264696          -1326.470229375512
           0.102639296188          -1326.651388646993          -1326.470362809770
           0.104594330401          -1326.651449083190          -1326.470497120639
           0.106549364614          -1326.651510563274          -1326.470632295799
           0.108504398827          -1326.651573077229          -1326.470768322932
           0.110459433040          -1326.651636615039          -1326.470905189720
           0.112414467253          -1326.651701166692          -1326.471042883844
           0.114369501466          -1326.651766722169          -1326.471181392986
           0.116324535679          -1326.651833271459          -1326.471320704828
           0.118279569892          -1326.651900804544          -1326.471460807051
           0.120234604106          -1326.651969311411          -1326.471601687336
           0.122189638319          -1326.652038782044          -1326.471743333366
           0.124144672532          -1326.652109206428          -1326.471885732823
           0.126099706745          -1326.652180574548          -1326.472028873386
           0.128054740958          -1326.652252876390          -1326.472172742739
           0.130009775171          -1326.652326101937          -1326.472317328563
           0.131964809384          -1326.652400240779          -1326.472462618236
           0.133919843597          -1326.652475279393          -1326.472608596771
           0.135874877810          -1326.652551202795          -1326.472755248062
           0.137829912023          -1326.652627995991          -1326.472902555999
           0.139784946237          -1326.652705643987          -1326.473050504473
           0.141739980450          -1326.652784131792          -1326.473199077373
           0.143695014663          -1326.652863444412          -1326.473348258590
           0.145650048876          -1326.652943566853          -1326.473498032013
           0.147605083089          -1326.653024484121          -1326.473648381531
           0.149560117302          -1326.653106181224          -1326.473799291035
           0.151515151515          -1326.653188643169          -1326.473950744415
           0.153470185728          -1326.653271854962          -1326.474102725560
           0.155425219941          -1326.653355801610          -1326.474255218360
           0.157380254154          -1326.653440468120          -1326.474408206706
           0.159335288368          -1326.653525839498          -1326.474561674486
           0.161290322581          -1326.653611900752          -1326.474715605591
           0.163245356794          -1326.653698636887          -1326.474869983910
           0.165200391007          -1326.653786032911          -1326.475024793334
           0.167155425220          -1326.653874073831          -1326.475180017752
           0.169110459433          -1326.653962744652          -1326.475335641054
           0.171065493646          -1326.654052030382          -1326.475491647130
           0.173020527859          -1326.654141916028          -1326.475648019870
           0.174975562072          -1326.654232386597          -1326.475804743163
           0.176930596285          -1326.654323427094          -1326.475961800900
           0.178885630499          -1326.654415022527          -1326.476119176969
           0.180840664712          -1326.654507157903          -1326.476276855262
           0.182795698925          -1326.654599818228          -1326.476434819668
           0.184750733138          -1326.654692988509          -1326.476593054076
           0.186705767351          -1326.654786653753          -1326.476751542377
           0.188660801564          -1326.654880798966          -1326.476910268461
           0.190615835777          -1326.654975409155          -1326.477069216216
           0.192570869990          -1326.655070469328          -1326.477228369534
           0.194525904203          -1326.655165964490          -1326.477387712303
           0.196480938416          -1326.655261879649          -1326.477547228415
           0.198435972630          -1326.655358199811          -1326.477706901758
           0.200391006843          -1326.655454909982          -1326.477866716222
           0.202346041056          -1326.655551995170          -1326.478026655697
           0.204301075269          -1326.655649440382          -1326.478186704074
           0.206256109482          -1326.655747230624          -1326.478346845241
           0.208211143695          -1326.655845350903          -1326.478507063090
           0.210166177908          -1326.655943786225          -1326.478667341508
           0.212121212121          -1326.656042521598          -1326.478827664387
           0.214076246334          -1326.656141542027          -1326.478988015617
           0.216031280547          -1326.656240832521          -1326.479148379086
           0.217986314761          -1326.656340378069          -1326.479308738673
           0.219941348974          -1326.656440162477          -1326.479469077359
           0.221896383187          -1326.656540167565          -1326.479629376619
           0.223851417400          -1326.656640374963          -1326.479789617787
           0.225806451613          -1326.656740766302          -1326.479949782196
           0.227761485826          -1326.656841323213          -1326.480109851181
           0.229716520039          -1326.656942027325          -1326.480269806074
           0.231671554252          -1326.657042860270          -1326.480429628208
           0.233626588465          -1326.657143803679          -1326.480589298918
           0.235581622678          -1326.657244839180          -1326.480748799537
           0.237536656891          -1326.657345948406          -1326.480908111397
           0.239491691105          -1326.657447112986          -1326.481067215833
           0.241446725318          -1326.657548314552          -1326.481226094178
           0.243401759531          -1326.657649534734          -1326.481384727764
           0.245356793744          -1326.657750755161          -1326.481543097927
           0.247311827957          -1326.657851957466          -1326.481701185999
           0.249266862170          -1326.657953123279          -1326.481858973313
           0.251221896383          -1326.658054234229          -1326.482016441202
           0.253176930596          -1326.658155271948          -1326.482173571002
           0.255131964809          -1326.658256218066          -1326.482330344043
           0.257086999022          -1326.658357054213          -1326.482486741661
           0.259042033236          -1326.658457762020          -1326.482642745189
           0.260997067449          -1326.658558323119          -1326.482798335959
           0.262952101662          -1326.658658719138          -1326.482953495305
           0.264907135875          -1326.658758931710          -1326.483108204562
           0.266862170088          -1326.658858942464          -1326.483262445061
           0.268817204301          -1326.658958733031          -1326.483416198137
           0.270772238514          -1326.659058285041          -1326.483569445123
           0.272727272727          -1326.659157580125          -1326.483722167352
           0.274682306940          -1326.659256599914          -1326.483874346158
           0.276637341153          -1326.659355326038          -1326.484025962875
           0.278592375367          -1326.659453740128          -1326.484176998835
           0.280547409580          -1326.659551823814          -1326.484327435372
           0.282502443793          -1326.659649558726          -1326.484477253819
           0.284457478006          -1326.659746926496          -1326.484626435510
           0.286412512219          -1326.659843908754          -1326.484774961778
           0.288367546432          -1326.659940487130          -1326.484922813958
           0.290322580645          -1326.660036643255          -1326.485069973381
           0.292277614858          -1326.660132358760          -1326.485216421381
           0.294232649071          -1326.660227615275          -1326.485362139293
           0.296187683284          -1326.660322394430          -1326.485507108448
           0.298142717498          -1326.660416677857          -1326.485651310182
           0.300097751711          -1326.660510447185          -1326.485794725827
           0.302052785924          -1326.660603684045          -1326.485937336716
           0.304007820137          -1326.660696370069          -1326.486079124183
           0.305962854350          -1326.660788486819          -1326.486220069592
           0.307917888563          -1326.660880015408          -1326.486360154521
           0.309872922776          -1326.660970936761          -1326.486499360633
           0.311827956989          -1326.661061231800          -1326.486637669595
           0.313782991202          -1326.661150881450          -1326.486775063070
           0.315738025415          -1326.661239866634          -1326.486911522725
           0.317693059629          -1326.661328168275          -1326.487047030224
           0.319648093842          -1326.661415767298          -1326.487181567233
           0.321603128055          -1326.661502644624          -1326.487315115417
           0.323558162268          -1326.661588781179          -1326.487447656440
           0.325513196481          -1326.661674157885          -1326.487579171969
           0.327468230694          -1326.661758755665          -1326.487709643667
           0.329423264907          -1326.661842555445          -1326.487839053201
           0.331378299120          -1326.661925538146          -1326.487967382235
           0.333333333333          -1326.662007684692          -1326.488094612435
           0.335288367546          -1326.662088976008          -1326.488220725465
           0.337243401760          -1326.662169393016          -1326.488345702991
           0.339198435973          -1326.662248916640          -1326.488469526678
           0.341153470186          -1326.662327527803          -1326.488592178192
           0.343108504399          -1326.662405207430          -1326.488713639196
           0.345063538612          -1326.662481936442          -1326.488833891357
           0.347018572825          -1326.662557695765          -1326.488952916339
           0.348973607038          -1326.662632466321          -1326.489070695807
           0.350928641251          -1326.662706229034          -1326.489187211428
           0.352883675464          -1326.662778964828          -1326.489302444865
           0.354838709677          -1326.662850654626          -1326.489416377784
           0.356793743891          -1326.662921279351          -1326.489528991851
           0.358748778104          -1326.662990819927          -1326.489640268730
           0.360703812317          -1326.663059257278          -1326.489750190086
           0.362658846530          -1326.663126572327          -1326.489858737584
           0.364613880743          -1326.663192745997          -1326.489965892891
           0.366568914956          -1326.663257759212          -1326.490071637670
           0.368523949169          -1326.663321592896          -1326.490175953587
           0.370478983382          -1326.663384227971          -1326.490278822308
           0.372434017595          -1326.663445645363          -1326.490380225496
           0.374389051808          -1326.663505825993          -1326.490480144818
           0.376344086022          -1326.663564750786          -1326.490578561938
           0.378299120235          -1326.663622400665          -1326.490675458522
           0.380254154448          -1326.663678756553          -1326.490770816235
           0.382209188661          -1326.663733799375          -1326.490864616742
           0.384164222874          -1326.663787510053          -1326.490956841708
           0.386119257087          -1326.663839869511          -1326.491047472798
           0.388074291300          -1326.663890858672          -1326.491136491677
           0.390029325513          -1326.663940458461          -1326.491223880011
           0.391984359726          -1326.663988649816          -1326.491309619481
           0.393939393939          -1326.664035414505          -1326.491393692699
           0.395894428152          -1326.664080735535          -1326.491476083661
           0.397849462366          -1326.664124596012          -1326.491556776474
           0.399804496579          -1326.664166979043          -1326.491635755246
           0.401759530792          -1326.664207867734          -1326.491713004086
           0.403714565005          -1326.664247245192          -1326.491788507102
           0.405669599218          -1326.664285094524          -1326.491862248403
           0.407624633431          -1326.664321398837          -1326.491934212095
           0.409579667644          -1326.664356141236          -1326.492004382289
           0.411534701857          -1326.664389304830          -1326.492072743091
           0.413489736070          -1326.664420872723          -1326.492139278610
           0.415444770283          -1326.664450828024          -1326.492203972955
           0.417399804497          -1326.664479153839          -1326.492266810233
           0.419354838710          -1326.664505833274          -1326.492327774554
           0.421309872923          -1326.664530849436          -1326.492386850023
           0.423264907136          -1326.664554185431          -1326.492444020751
           0.425219941349          -1326.664575824367          -1326.492499270846
           0.427174975562          -1326.664595749349          -1326.492552584415
           0.429130009775          -1326.664613943486          -1326.492603945566
           0.431085043988          -1326.664630389883          -1326.492653338410
           0.433040078201          -1326.664645071647          -1326.492700747052
           0.434995112414          -1326.664657971884          -1326.492746155601
           0.436950146628          -1326.664669073702          -1326.492789548166
           0.438905180841          -1326.664678360206          -1326.492830908855
           0.440860215054          -1326.664685814505          -1326.492870221777
           0.442815249267          -1326.664691419703          -1326.492907471038
           0.444770283480          -1326.664695158908          -1326.492942640748
           0.446725317693          -1326.664697015227          -1326.492975715015
           0.448680351906          -1326.664696971766          -1326.493006677947
           0.450635386119          -1326.664695011632          -1326.493035513652
           0.452590420332          -1326.664691117931          -1326.493062206238
           0.454545454545          -1326.664685273771          -1326.493086739814
           0.456500488759          -1326.664677462257          -1326.493109098488
           0.458455522972          -1326.664667666497          -1326.493129266368
           0.460410557185          -1326.664655869597          -1326.493147227562
           0.462365591398          -1326.664642054664          -1326.493162966178
           0.464320625611          -1326.664626204805          -1326.493176466326
           0.466275659824          -1326.664608303125          -1326.493187712112
           0.468230694037          -1326.664588332732          -1326.493196687645
           0.470185728250          -1326.664566276733          -1326.493203377034
           0.472140762463          -1326.664542118234          -1326.493207764386
           0.474095796676          -1326.664515840341          -1326.493209833810
           0.476050830890          -1326.664487426162          -1326.493209569414
           0.478005865103          -1326.664456858803          -1326.493206955307
           0.479960899316          -1326.664424122040          -1326.493201976274
           0.481915933529          -1326.664389203625          -1326.493194621140
           0.483870967742          -1326.664352092773          -1326.493184880209
           0.485826001955          -1326.664312778701          -1326.493172743789
           0.487781036168          -1326.664271250625          -1326.493158202189
           0.489736070381          -1326.664227497761          -1326.493141245717
           0.491691104594          -1326.664181509328          -1326.493121864680
           0.493646138807          -1326.664133274541          -1326.493100049387
           0.495601173021          -1326.664082782616          -1326.493075790145
           0.497556207234          -1326.664030022771          -1326.493049077264
           0.499511241447          -1326.663974984223          -1326.493019901050
           0.501466275660          -1326.663917656188          -1326.492988251812
           0.503421309873          -1326.663858027883          -1326.492954119858
           0.505376344086          -1326.663796088524          -1326.492917495496
           0.507331378299          -1326.663731827329          -1326.492878369034
           0.509286412512          -1326.663665233514          -1326.492836730780
           0.511241446725          -1326.663596296295          -1326.492792571042
           0.513196480938          -1326.663525004890          -1326.492745880128
           0.515151515152          -1326.663451348515          -1326.492696648347
           0.517106549365          -1326.663375316387          -1326.492644866006
           0.519061583578          -1326.663296897723          -1326.492590523413
           0.521016617791          -1326.663216081738          -1326.492533610877
           0.522971652004          -1326.663132857651          -1326.492474118704
           0.524926686217          -1326.663047214677          -1326.492412037205
           0.526881720430          -1326.662959142034          -1326.492347356686
           0.528836754643          -1326.662868628938          -1326.492280067455
           0.530791788856          -1326.662775664605          -1326.492210159821
           0.532746823069          -1326.662680238254          -1326.492137624092
           0.534701857283          -1326.662582339099          -1326.492062450576
           0.536656891496          -1326.662481956359          -1326.491984629580
           0.538611925709          -1326.662379079248          -1326.491904151413
           0.540566959922          -1326.662273696986          -1326.491821006382
           0.542521994135          -1326.662165798788          -1326.491735184798
           0.544477028348          -1326.662055373870          -1326.491646676966
           0.546432062561          -1326.661942411450          -1326.491555473194
           0.548387096774          -1326.661826900744          -1326.491461563792
           0.550342130987          -1326.661708830969          -1326.491364939067
           0.552297165200          -1326.661588191341          -1326.491265589327
           0.554252199413          -1326.661464971079          -1326.491163504880
           0.556207233627          -1326.661339159397          -1326.491058676035
           0.558162267840          -1326.661210745513          -1326.490951093098
           0.560117302053          -1326.661079718643          -1326.490840746379
           0.562072336266          -1326.660946068004          -1326.490727626186
           0.564027370479          -1326.660809782814          -1326.490611722826
           0.565982404692          -1326.660670852377          -1326.490493026695
           0.567937438905          -1326.660529269669          -1326.490371531735
           0.569892473118          -1326.660385032536          -1326.490247236607
           0.571847507331          -1326.660238139160          -1326.490120140294
           0.573802541544          -1326.660088587723          -1326.489990241781
           0.575757575758          -1326.659936376410          -1326.489857540053
           0.577712609971          -1326.659781503403          -1326.489722034094
           0.579667644184          -1326.659623966884          -1326.489583722888
           0.581622678397          -1326.659463765037          -1326.489442605421
           0.583577712610          -1326.659300896044          -1326.489298680677
           0.585532746823          -1326.659135358087          -1326.489151947640
           0.587487781036          -1326.658967149352          -1326.489002405296
           0.589442815249          -1326.658796268018          -1326.488850052627
           0.591397849462          -1326.658622712270          -1326.488694888620
           0.593352883675          -1326.658446480292          -1326.488536912258
           0.595307917889          -1326.658267570263          -1326.488376122527
           0.597262952102          -1326.658085980370          -1326.488212518410
           0.599217986315          -1326.657901708793          -1326.488046098892
           0.601173020528          -1326.657714753716          -1326.487876862958
           0.603128054741          -1326.657525113321          -1326.487704809593
           0.605083088954          -1326.657332785792          -1326.487529937780
           0.607038123167          -1326.657137769311          -1326.487352246505
           0.608993157380          -1326.656940062062          -1326.487171734751
           0.610948191593          -1326.656739662227          -1326.486988401505
           0.612903225806          -1326.656536567988          -1326.486802245749
           0.614858260020          -1326.656330777528          -1326.486613266469
           0.616813294233          -1326.656122289032          -1326.486421462649
           0.618768328446          -1326.655911100680          -1326.486226833274
           0.620723362659          -1326.655697210657          -1326.486029377328
           0.622678396872          -1326.655480617144          -1326.485829093796
           0.624633431085          -1326.655261318326          -1326.485625981662
           0.626588465298          -1326.655039312384          -1326.485420039911
           0.628543499511          -1326.654814597501          -1326.485211267528
           0.630498533724          -1326.654587171861          -1326.484999663497
           0.632453567937          -1326.654357033646          -1326.484785226802
           0.634408602151          -1326.654124181039          -1326.484567956429
           0.636363636364          -1326.653888612223          -1326.484347851360
           0.638318670577          -1326.653650325380          -1326.484124910583
           0.640273704790          -1326.653409318694          -1326.483899133080
           0.642228739003          -1326.653165590347          -1326.483670517837
           0.644183773216          -1326.652919138522          -1326.483439063837
           0.646138807429          -1326.652669961402          -1326.483204770066
           0.648093841642          -1326.652418057170          -1326.482967635507
           0.650048875855          -1326.652163424009          -1326.482727659146
           0.652003910068          -1326.651906060101          -1326.482484839968
           0.653958944282          -1326.651645965353          -1326.482239178689
           0.655913978495          -1326.651383148635          -1326.481990685045
           0.657869012708          -1326.651117621720          -1326.481739371688
           0.659824046921          -1326.650849396381          -1326.481485251272
           0.661779081134          -1326.650578484393          -1326.481228336454
           0.663734115347          -1326.650304897531          -1326.480968639887
           0.665689149560          -1326.650028647569          -1326.480706174227
           0.667644183773          -1326.649749746281          -1326.480440952128
           0.669599217986          -1326.649468205441          -1326.480172986245
           0.671554252199          -1326.649184036824          -1326.479902289234
           0.673509286413          -1326.648897252204          -1326.479628873750
           0.675464320626          -1326.648607863356          -1326.479352752446
           0.677419354839          -1326.648315882053          -1326.479073937978
           0.679374389052          -1326.648021320071          -1326.478792443001
           0.681329423265          -1326.647724189183          -1326.478508280170
           0.683284457478          -1326.647424501163          -1326.478221462140
           0.685239491691          -1326.647122267787          -1326.477932001565
           0.687194525904          -1326.646817500829          -1326.477639911100
           0.689149560117          -1326.646510212062          -1326.477345203401
           0.691104594330          -1326.646200413261          -1326.477047891122
           0.693059628543          -1326.645888116200          -1326.476747986918
           0.695014662757          -1326.645573332655          -1326.476445503444
           0.696969696970          -1326.645256074398          -1326.476140453355
           0.698924731183          -1326.644936353205          -1326.475832849305
           0.700879765396          -1326.644614180849          -1326.475522703951
           0.702834799609          -1326.644289569106          -1326.475210029945
           0.704789833822          -1326.643962529749          -1326.474894839945
           0.706744868035          -1326.643633074553          -1326.474577146603
           0.708699902248          -1326.643301215291          -1326.474256962576
           0.710654936461          -1326.642966963739          -1326.473934300518
           0.712609970674          -1326.642630331671          -1326.473609173084
           0.714565004888          -1326.642291330861          -1326.473281592929
           0.716520039101          -1326.641949973083          -1326.472951572707
           0.718475073314          -1326.641606270112          -1326.472619125075
           0.720430107527          -1326.641260233722          -1326.472284262685
           0.722385141740          -1326.640911875687          -1326.471946998195
           0.724340175953          -1326.640561207782          -1326.471607344257
           0.726295210166          -1326.640208241781          -1326.471265313528
           0.728250244379          -1326.639852989459          -1326.470920918662
           0.730205278592          -1326.639495462588          -1326.470574172314
           0.732160312805          -1326.639135672945          -1326.470225087139
           0.734115347019          -1326.638773632304          -1326.469873675792
           0.736070381232          -1326.638409352438          -1326.469519950927
           0.738025415445          -1326.638042845122          -1326.469163925200
           0.739980449658          -1326.637674122231          -1326.468805611362
           0.741935483871          -1326.637303198863          -1326.468445025258
           0.743890518084          -1326.636930093934          -1326.468082186396
           0.745845552297          -1326.636554826579          -1326.467717114496
           0.747800586510          -1326.636177415936          -1326.467349829280
           0.749755620723          -1326.635797881142          -1326.466980350469
           0.751710654936          -1326.635416241334          -1326.466608697784
           0.753665689150          -1326.635032515649          -1326.466234890944
           0.755620723363          -1326.634646723223          -1326.465858949672
           0.757575757576          -1326.634258883193          -1326.465480893688
           0.759530791789          -1326.633869014697          -1326.465100742713
           0.761485826002          -1326.633477136870          -1326.464718516467
           0.763440860215          -1326.633083268850          -1326.464334234672
           0.765395894428          -1326.632687429775          -1326.463947917049
           0.767350928641          -1326.632289638779          -1326.463559583318
           0.769305962854          -1326.631889915002          -1326.463169253201
           0.771260997067          -1326.631488277578          -1326.462776946417
           0.773216031281          -1326.631084745646          -1326.462382682689
           0.775171065494          -1326.630679338342          -1326.461986481736
           0.777126099707          -1326.630272074803          -1326.461588363281
           0.779081133920          -1326.629862974166          -1326.461188347043
           0.781036168133          -1326.629452055568          -1326.460786452743
           0.782991202346          -1326.629039338144          -1326.460382700103
           0.784946236559          -1326.628624841034          -1326.459977108843
           0.786901270772          -1326.628208583373          -1326.459569698684
           0.788856304985          -1326.627790584298          -1326.459160489347
           0.790811339198          -1326.627370862946          -1326.458749500553
           0.792766373412          -1326.626949438453          -1326.458336752022
           0.794721407625          -1326.626526329958          -1326.457922263476
           0.796676441838          -1326.626101556596          -1326.457506054636
           0.798631476051          -1326.625675137505          -1326.457088145222
           0.800586510264          -1326.625247091821          -1326.456668554955
           0.802541544477          -1326.624817438681          -1326.456247303557
           0.804496578690          -1326.624386197223          -1326.455824410747
           0.806451612903          -1326.623953386582          -1326.455399896247
           0.808406647116          -1326.623519025896          -1326.454973779778
           0.810361681329          -1326.623083134302          -1326.454546081060
           0.812316715543          -1326.622645730936          -1326.454116819815
           0.814271749756          -1326.622206834935          -1326.453686015763
           0.816226783969          -1326.621766465437          -1326.453253688625
           0.818181818182          -1326.621324641578          -1326.452819858123
           0.820136852395          -1326.620881382495          -1326.452384543976
           0.822091886608          -1326.620436707325          -1326.451947765906
           0.824046920821          -1326.619990635205          -1326.451509543633
           0.826001955034          -1326.619543185272          -1326.451069896879
           0.827956989247          -1326.619094380410          -1326.450628849058
           0.829912023460          -1326.618644260597          -1326.450186440419
           0.831867057674          -1326.618192870674          -1326.449742716003
           0.833822091887          -1326.617740255483          -1326.449297720856
           0.835777126100          -1326.617286459867          -1326.448851500020
           0.837732160313          -1326.616831528668          -1326.448404098539
           0.839687194526          -1326.616375506729          -1326.447955561456
           0.841642228739          -1326.615918438892          -1326.447505933813
           0.843597262952          -1326.615460369999          -1326.447055260656
           0.845552297165          -1326.615001344892          -1326.446603587027
           0.847507331378          -1326.614541408415          -1326.446150957969
           0.849462365591          -1326.614080605409          -1326.445697418525
           0.851417399804          -1326.613618980717          -1326.445243013741
           0.853372434018          -1326.613156579181          -1326.444787788657
           0.855327468231          -1326.612693445644          -1326.444331788318
           0.857282502444          -1326.612229624947          -1326.443875057767
           0.859237536657          -1326.611765161934          -1326.443417642048
           0.861192570870          -1326.611300101447          -1326.442959586203
           0.863147605083          -1326.610834488328          -1326.442500935277
           0.865102639296          -1326.610368367419          -1326.442041734313
           0.867057673509          -1326.609901783563          -1326.441582028353
           0.869012707722          -1326.609434781602          -1326.441121862441
           0.870967741935          -1326.608967406379          -1326.440661281622
           0.872922776149          -1326.608499702736          -1326.440200330937
           0.874877810362          -1326.608031715516          -1326.439739055430
           0.876832844575          -1326.607563489559          -1326.439277500145
           0.878787878788          -1326.607095069711          -1326.438815710125
           0.880742913001          -1326.606626500811          -1326.438353730414
           0.882697947214          -1326.606157827704          -1326.437891606054
           0.884652981427          -1326.605689095231          -1326.437429382090
           0.886608015640          -1326.605220348235          -1326.436967103563
           0.888563049853          -1326.604751631557          -1326.436504815519
           0.890518084066          -1326.604282990041          -1326.436042563000
           0.892473118280          -1326.603814468529          -1326.435580391049
           0.894428152493          -1326.603346111863          -1326.435118344710
           0.896383186706          -1326.602877964885          -1326.434656469026
           0.898338220919          -1326.602410072438          -1326.434194809041
           0.900293255132          -1326.601942479365          -1326.433733409798
           0.902248289345          -1326.601475230508          -1326.433272316340
           0.904203323558          -1326.601008370709          -1326.432811573711
           0.906158357771          -1326.600541944809          -1326.432351226953
           0.908113391984          -1326.600075997653          -1326.431891321111
           0.910068426197          -1326.599610574082          -1326.431431901228
           0.912023460411          -1326.599145718938          -1326.430973012346
           0.913978494624          -1326.598681475854          -1326.430514698318
           0.915933528837          -1326.598217857583          -1326.430056972609
           0.917888563050          -1326.597754844223          -1326.429599816540
           0.919843597263          -1326.597292414303          -1326.429143209895
           0.921798631476          -1326.596830546352          -1326.428687132453
           0.923753665689          -1326.596369218900          -1326.428231563997
           0.925708699902          -1326.595908410475          -1326.427776484307
           0.927663734115          -1326.595448099608          -1326.427321873164
           0.929618768328          -1326.594988264827          -1326.426867710350
           0.931573802542          -1326.594528884663          -1326.426413975646
           0.933528836755          -1326.594069937644          -1326.425960648833
           0.935483870968          -1326.593611402300          -1326.425507709693
           0.937438905181          -1326.593153257159          -1326.425055138005
           0.939393939394          -1326.592695480752          -1326.424602913553
           0.941348973607          -1326.592238051607          -1326.424151016116
           0.943304007820          -1326.591780948255          -1326.423699425476
           0.945259042033          -1326.591324149224          -1326.423248121414
           0.947214076246          -1326.590867633043          -1326.422797083711
           0.949169110459          -1326.590411378243          -1326.422346292149
           0.951124144673          -1326.589955363353          -1326.421895726509
           0.953079178886          -1326.589499566901          -1326.421445366572
           0.955034213099          -1326.589043967417          -1326.420995192118
           0.956989247312          -1326.588588543431          -1326.420545182930
           0.958944281525          -1326.588133273472          -1326.420095318788
           0.960899315738          -1326.587678136068          -1326.419645579474
           0.962854349951          -1326.587223109751          -1326.419195944768
           0.964809384164          -1326.586768173048          -1326.418746394453
           0.966764418377          -1326.586313304489          -1326.418296908308
           0.968719452590          -1326.585858482605          -1326.417847466116
           0.970674486804          -1326.585403685923          -1326.417398047658
           0.972629521017          -1326.584948892973          -1326.416948632714
           0.974584555230          -1326.584494082285          -1326.416499201066
           0.976539589443          -1326.584039232388          -1326.416049732495
           0.978494623656          -1326.583584321811          -1326.415600206782
           0.980449657869          -1326.583129329083          -1326.415150603708
           0.982404692082          -1326.582674232735          -1326.414700903055
           0.984359726295          -1326.582219011296          -1326.414251084605
           0.986314760508          -1326.581763643294          -1326.413801128136
           0.988269794721          -1326.581308107259          -1326.413351013432
           0.990224828935          -1326.580852381720          -1326.412900720273
           0.992179863148          -1326.580396445207          -1326.412450228441
           0.994134897361          -1326.579940276249          -1326.411999517716
           0.996089931574          -1326.579483853376          -1326.411548567881
           0.998044965787          -1326.579027155117          -1326.411097358715
           1.000000000000          -1326.578570160000          -1326.410645870000
